0	2591	4	65536.00
1302	163	4	13315.67
0	845	2	8074.00
0	2591	4	3968.00
0	2591	1	3974.00
0	2591	2	8048.00
1456	1135	1	1858.17
1460	1131	1	36.08
0	2591	4	6118.00
0	2591	4	5408.00
0	2591	8	16384.00
0	2591	1	1918.00
0	2591	2	298.52
0	845	2	8074.00
0	2591	1	1918.00
0	2591	1	153.09
0	2591	1	164.08
0	2591	1	255.01
0	2591	1	99.08
0	2591	1	58.08
0	2591	1	102.08
0	2591	1	254.25
0	2591	1	123.05
0	2591	1	175.10
0	2591	2	8034.00
0	2591	1	123.09
0	2591	1	179.00
0	2591	1	205.07
0	2591	1	252.08
0	2591	1	255.01
0	2591	1	136.03
0	2591	1	244.11
0	2591	1	137.08
0	2591	1	123.09
0	2591	1	119.14
0	845	2	8074.00
0	2591	1	97.34
0	2591	1	122.98
0	2591	1	113.04
0	2591	1	239.08
0	328	1	105.05
0	2591	1	99.09
0	2591	1	111.04
0	2591	1	118.18
0	2591	1	113.09
0	2591	1	99.09
0	845	2	8074.00
0	2591	1	99.10
0	2591	1	167.08
0	2591	1	137.00
0	2591	1	79.53
0	2591	1	171.15
0	2591	1	158.99
0	2591	1	254.94
0	2591	1	140.09
0	2591	1	105.07
0	2591	1	121.09
1880	711	1	3613.20
0	2591	1	254.98
0	2591	1	134.09
1472	577	1	89.18
0	2591	1	124.03
0	2567	1	121.10
0	2591	1	99.06
0	2591	1	114.09
601	1990	1	88.96
0	2591	1	177.07
0	2591	1	255.00
0	2591	8	63676.00
0	2591	1	127.03
0	2591	1	153.09
0	2591	1	107.09
0	2591	1	255.29
0	2591	1	101.10
0	604	1	189.09
0	2591	1	129.04
0	2591	1	129.10
0	2591	1	185.00
0	2591	1	126.03
0	2588	4	16320.00
0	2591	1	99.03
0	2591	1	178.99
0	2591	1	103.11
768	1823	1	87.43
2413	178	1	86.67
0	2591	1	97.10
244	2347	1	88.99
0	2591	1	112.09
1370	1221	1	84.84
0	2591	1	123.44
0	2591	8	16609.27
0	2591	1	97.18
0	2591	1	155.11
0	2591	1	97.02
0	2591	1	99.05
0	2591	1	140.51
0	2591	1	113.11
0	2591	1	157.10
0	2591	1	158.09
0	2591	1	135.09
0	2591	1	103.00
0	2591	8	65262.00
0	2591	1	123.03
0	2591	1	254.00
0	2591	1	137.07
0	2591	1	116.52
0	2591	1	191.34
0	2591	1	146.09
0	2591	1	121.03
0	2591	1	149.08
0	2591	1	181.09
0	2591	1	109.07
0	2591	1	4096.00
0	2591	8	58572.75
0	2591	1	93.09
0	2591	1	141.11
0	2591	1	126.09
0	2591	1	167.09
0	2591	1	124.14
0	2591	1	99.09
0	2591	1	129.04
0	2591	1	179.05
0	2591	1	124.09
0	2591	1	110.50
0	2591	8	4992.00
0	2591	1	123.08
0	2591	1	147.09
0	2591	1	106.09
0	849	1	255.14
0	2591	1	189.18
0	2591	1	217.07
0	2591	1	125.09
0	2591	1	195.09
0	2591	1	254.96
0	2591	1	115.09
0	2591	8	65268.00
0	2591	1	171.09
0	2591	1	175.03
0	2591	1	169.09
0	2591	1	151.10
0	2591	1	142.09
0	2591	1	193.09
0	2567	1	121.04
0	2591	1	136.09
0	2591	1	91.09
0	2591	1	122.00
84	2507	8	2152.83
0	2591	1	105.09
0	2591	1	175.09
683	1908	1	78.84
0	2591	1	124.08
0	2591	1	148.00
0	2591	1	181.09
0	2591	1	112.03
0	2591	1	163.08
0	2591	1	141.10
683	1908	1	88.54
0	2591	16	7597.73
0	2591	1	145.04
0	2591	1	95.09
0	2591	1	115.11
0	2591	1	227.08
0	1972	1	155.02
0	2591	1	255.07
0	2591	1	97.13
0	2591	1	99.06
0	2591	1	138.09
0	2591	1	123.14
0	2591	4	6094.00
0	2591	1	127.09
2075	516	1	88.81
0	2591	1	191.04
0	2591	1	187.05
0	2591	1	131.02
0	2591	1	151.21
0	2591	1	141.09
1197	1394	1	86.62
0	2591	1	125.08
0	2591	1	100.51
0	2591	4	6068.00
0	2591	1	256.00
0	2591	1	101.10
0	2591	1	156.09
0	2591	1	144.09
1369	1222	1	84.80
0	2591	1	103.07
0	2591	1	165.09
0	2591	1	181.10
0	2591	1	181.07
0	2591	1	123.13
0	2591	16	65398.00
0	2591	1	254.91
0	2591	1	191.02
0	2591	1	123.04
0	2591	1	121.02
0	2591	1	149.05
0	2591	1	156.09
0	2591	1	103.05
0	2591	1	147.38
0	2591	1	109.13
0	2591	1	142.09
0	2591	32	7514.00
0	2591	1	124.09
0	2591	1	177.05
0	2591	1	102.51
0	2591	1	161.08
0	2591	1	132.17
0	2591	1	137.05
0	2591	1	104.17
0	2591	1	162.03
0	2591	1	149.04
0	2591	1	115.09
0	2591	32	8540.00
0	2591	1	142.09
0	2591	1	175.07
0	2591	1	239.08
0	2591	1	106.08
0	2591	1	256.00
0	2591	1	181.10
0	2591	1	129.05
0	2591	1	124.33
0	2591	1	117.12
0	2591	1	115.07
0	2591	1	4096.00
0	2591	32	10784.00
0	2591	1	223.18
0	2591	1	255.00
0	2591	1	255.01
0	2591	1	159.04
0	2591	1	101.09
0	2591	1	119.11
0	2591	1	203.09
0	2591	1	203.11
0	2591	1	127.10
1238	34	1	88.58
0	2591	4	16312.00
1288	1303	1	88.50
1276	11	1	89.05
0	1275	1	117.03
0	330	2	4154.00
0	1921	1	256.00
0	2591	1	256.00
0	2591	1	1380.00
0	2591	2	4096.00
0	1534	1	4096.00
0	2591	1	1010.00
0	2591	16	65394.00
0	2591	1	4096.00
0	2591	2	8042.00
0	2591	1	3964.00
1386	1205	1	528.02
607	1984	1	3578.95
0	2591	1	4076.00
0	2591	8	24576.00
0	2591	4	8192.00
0	2591	4	16384.00
0	2591	4	8192.00
0	2591	4	16322.00
0	2591	2	8192.00
0	2591	4	8192.00
0	2591	4	8192.00
0	2591	4	8192.00
860	1731	2	12.00
1474	574	1	4052.00
0	2591	1	1024.00
0	2591	1	4049.59
0	2591	4	15970.00
2510	81	4	14829.86
2509	82	4	10.00
2510	81	4	15969.71
2510	81	4	15969.20
2510	81	4	14905.87
2510	81	4	15970.00
2510	81	4	10660.67
2510	81	4	14831.71
0	2591	16	98078.00
0	2591	8	7112.00
0	2591	4	16314.00
0	2591	1	2048.00
1972	619	32	6100.50
0	2591	16	65392.00
0	2591	16	2228.00
0	2591	4	16314.00
0	2591	32	61356.00
0	2591	16	65394.00
0	2591	8	5564.00
0	2591	8	50646.00
0	2591	8	65262.00
1302	163	4	15970.00
0	2591	8	5474.00
0	2591	2	8192.00
0	2591	2	8192.00
0	2591	8	65262.00
0	2591	8	3628.00
0	2591	4	16312.00
0	2591	4	16384.00
0	2591	4	16384.00
0	2591	2	4096.00
0	2591	1	2048.00
0	2065	2	4096.00
0	2591	2	3966.00
0	2065	2	2048.00
0	2591	2	2046.00
0	2591	2	2046.00
0	2591	1	856.00
0	2591	2	4096.00
75	2516	1	8.00
0	2591	1	1484.00
0	2591	1	1694.15
1302	163	4	12784.40
0	2591	1	1560.00
2399	9	1	1143.33
2404	4	1	659.67
0	2591	1	3964.00
0	2591	2	3342.00
0	2591	2	6006.00
0	2591	2	7166.00
0	2591	2	7906.00
0	694	2	8192.00
0	2591	1	2048.00
0	2591	1	2048.00
0	2591	1	1285.38
0	2591	1	4096.00
0	2591	1	4096.00
0	2591	2	3072.00
0	2498	2	1004.00
0	2591	1	3960.00
0	2591	1	1896.00
0	2591	1	868.00
0	2591	1	3973.38
0	844	4	15956.00
1302	163	4	14562.06
0	844	1	2048.00
0	2591	4	15934.00
0	2591	4	15962.00
0	2191	8	20480.00
0	2191	8	20480.00
0	2191	8	20480.00
0	2191	8	20480.00
0	2191	8	20480.00
0	2191	8	20480.00
0	2191	8	20066.00
1302	163	4	12782.80
0	2191	8	19908.00
0	2191	8	20290.00
0	2191	8	20480.00
0	2191	8	20480.00
0	2191	8	20430.00
0	2191	8	20480.00
0	2191	8	20480.00
0	2191	8	20430.00
0	2191	8	20480.00
0	2191	8	20480.00
1302	163	4	15970.00
2413	178	2	7260.55
0	2191	8	20448.00
0	2191	8	20480.00
0	2191	8	20480.00
0	2191	8	20372.14
0	2191	8	20320.00
0	2191	8	20458.00
0	2191	8	20290.03
0	2191	8	20480.00
0	2191	8	20480.00
333	2258	8	28644.00
0	2591	2	8192.00
0	2192	8	20302.00
333	2258	8	28289.78
0	2192	8	20370.00
333	2258	8	27281.71
0	2192	8	20154.00
0	2192	8	20480.00
0	2192	8	20270.00
0	2192	8	20480.00
0	2192	8	19930.00
337	2254	8	31826.00
0	2591	1	2048.00
342	2249	8	31826.00
342	2249	8	29397.54
342	2249	8	31827.17
342	2249	8	29132.76
342	2249	8	31826.33
342	2249	8	31826.00
343	2248	8	29556.14
343	2248	8	31827.29
337	2254	8	23902.74
0	2591	2	8058.00
343	2248	8	15915.00
343	2248	8	31826.00
343	2248	8	28937.45
343	2248	8	27799.87
343	2248	8	27901.67
343	2248	8	28647.80
343	2248	8	31826.00
343	2248	8	31146.11
0	2591	8	31846.15
0	2591	2	2551.20
0	2591	8	39800.00
0	2591	8	31850.30
0	2591	8	39846.00
0	2591	8	31900.00
0	2591	8	39802.00
0	2591	8	31846.08
0	2591	8	39799.89
0	2591	8	32522.00
0	2591	8	39803.71
0	2591	8	31984.00
0	2591	2	8072.00
0	2591	8	39806.00
0	2591	8	31966.00
0	2591	8	39801.54
0	2591	8	32035.63
0	2591	8	39846.00
0	2591	8	32121.89
0	2591	8	39804.00
0	2591	8	31848.00
0	2591	8	39806.96
0	2591	8	32526.05
0	2591	2	2558.13
0	2591	8	31844.12
0	2591	8	31854.00
0	2591	8	31848.21
0	2591	8	32768.00
0	2591	8	32768.00
0	2591	8	32768.00
0	2591	8	32768.00
0	2591	8	32768.00
0	2591	8	32768.00
0	2591	8	32768.00
0	2591	2	3370.00
0	2591	8	31846.00
0	2591	8	32208.70
0	2591	8	32768.00
0	2591	8	31860.78
0	2591	8	32577.85
0	2591	8	32709.77
0	2591	8	32768.00
0	2591	8	31986.00
0	2591	8	39805.42
0	2591	8	32768.00
0	2591	1	2518.00
0	2591	8	40960.00
0	2591	8	32768.00
0	2591	8	39808.27
0	2591	8	32768.00
0	2591	8	39806.00
0	2591	8	31840.00
0	2591	8	39802.25
0	2591	8	32768.00
0	2591	8	39803.32
0	2591	8	32768.00
0	2591	1	3964.00
0	2591	8	39801.81
0	2591	8	32768.00
0	2591	8	39804.00
0	2591	8	39796.00
0	2591	8	39873.85
0	2591	8	32638.00
0	2591	2	8074.00
0	2591	1	3976.00
0	2591	1	3974.00
0	2591	2	2098.00
0	2591	2	8192.00
0	2591	1	3976.00
0	2591	2	8032.00
0	2591	2	8064.00
0	2591	2	8074.00
1967	624	2	608.57
1967	624	2	715.75
0	2591	1	2044.00
0	2591	1	3974.00
0	2591	1	3962.99
1967	624	2	719.14
1967	624	2	715.43
0	2591	2	8074.00
1967	624	2	648.86
0	2591	2	5498.00
852	0	2	6715.08
860	1731	2	4259.37
791	59	2	6.00
0	2591	2	8056.00
1382	0	2	615.00
0	2591	1	4096.00
927	1664	4	2527.09
0	2591	4	16254.00
0	2591	2	2550.56
0	2591	1	4096.00
0	2591	2	6134.00
0	2591	2	6136.00
0	2591	2	8192.00
0	2591	2	8192.00
0	2591	2	8192.00
0	2591	4	16384.00
0	2591	2	8192.00
0	2591	2	8192.00
0	2591	4	16254.00
0	2591	2	8074.00
0	2591	2	8192.00
858	1733	4	1318.69
0	2591	4	16384.00
0	2591	1	982.00
0	2591	1	4096.00
0	2591	2	8192.00
1386	1205	2	705.27
0	2591	2	5490.00
607	1984	1	3123.99
0	2591	2	7986.00
0	2591	2	2442.00
0	2591	2	8064.00
0	2591	2	8192.00
1880	711	2	7985.71
0	2591	4	16320.00
0	2591	4	16320.00
0	2591	4	15236.00
0	2591	4	16312.00
0	2591	4	16257.25
0	2591	4	16314.00
0	2591	4	16316.00
0	2591	1	736.47
0	2591	4	16316.00
0	2591	4	16324.00
0	2591	4	16316.00
0	2591	1	798.00
0	2591	2	8138.20
0	331	1	4096.00
0	2591	1	4096.00
0	2591	6	12288.00
0	2591	1	4018.00
0	330	4	7871.39
0	2591	1	686.47
0	2591	2	8192.00
0	2484	2	4096.00
0	2591	2	470.00
0	2591	2	686.00
0	845	1	3974.00
0	2591	2	8160.00
0	2591	2	8160.00
0	2591	2	8152.00
0	2591	2	8168.00
0	2591	1	2048.00
0	2591	2	8162.00
0	2591	2	8164.00
0	2591	2	8162.00
0	2591	2	8162.00
0	2591	2	8168.00
0	2591	2	8164.00
0	2591	2	8162.00
0	2591	2	8164.00
0	2591	2	8164.00
0	2591	2	8164.00
0	2591	1	4052.00
0	2591	2	8164.00
0	2591	2	1246.00
0	2591	2	8162.00
0	2591	2	8162.00
0	2591	2	8162.00
0	2591	4	2868.00
0	2591	2	2730.00
0	2591	4	16312.00
0	2591	4	16336.27
0	2591	1	482.00
0	2591	1	4096.00
0	2591	1	190.00
0	2591	4	16326.16
0	2591	4	16312.00
0	2591	4	16312.00
0	2591	4	16312.00
0	2591	4	16312.00
0	2591	4	16312.00
0	2591	4	16312.00
0	2591	4	16312.00
0	2591	4	1496.00
1302	163	4	13263.14
0	2591	1	3964.00
0	2591	4	1522.00
0	2591	4	16312.00
0	2591	4	16312.00
0	2591	4	16312.00
0	2591	4	16312.00
0	2591	4	16312.00
0	2591	4	16312.00
0	2591	4	16312.00
0	2591	4	16312.00
0	2591	4	16312.00
0	929	1	1270.00
0	2591	4	16312.00
0	2591	4	16312.00
0	2591	4	8306.00
0	2591	4	8152.87
0	2591	4	11248.00
0	2591	4	16310.00
0	2591	4	16311.50
0	2591	4	16312.00
0	2591	4	16314.00
0	2591	4	16312.00
0	2591	1	3964.00
0	2591	4	13079.77
0	2591	4	12901.56
0	2591	4	16312.00
0	2591	4	1930.00
0	2591	4	1920.00
0	2591	4	1840.00
0	2591	4	1872.00
0	2591	4	1894.00
0	2591	4	1828.00
0	2591	4	1832.00
0	2591	2	2048.00
0	2591	4	1882.00
0	2591	4	1918.00
0	2591	4	2056.00
0	2591	4	2110.00
0	2591	4	2172.00
0	2591	4	2170.00
0	2591	4	2134.00
0	2591	4	2028.00
0	2591	4	3252.00
0	2591	4	3220.00
0	2591	2	2048.00
0	2591	4	3228.00
0	2591	4	3212.00
0	2591	4	3248.00
0	2591	4	3228.00
0	2591	4	3244.00
0	2591	4	3216.00
0	2591	4	3228.00
0	2591	4	3260.00
0	2591	4	3236.00
0	2591	4	3220.00
0	2591	2	3072.00
0	2591	4	3224.00
0	2591	4	16312.00
0	2591	4	16312.00
0	2591	4	16324.00
0	2591	4	16312.00
0	2591	4	16312.00
0	2591	4	16312.00
0	2591	4	16312.00
0	2591	4	16328.00
0	2591	4	16312.00
0	2591	1	2048.00
0	2591	4	16320.00
0	2591	4	16324.00
0	2591	4	16312.00
0	2591	4	2932.00
0	2591	4	2948.00
0	2591	4	2940.00
0	2591	4	2936.00
0	2591	4	2920.00
0	2591	4	2956.00
0	2591	4	2920.00
0	2591	1	2046.00
0	2591	4	2944.00
0	2591	4	2924.00
0	2591	4	2934.00
0	2591	4	2934.00
0	2591	4	2922.00
0	2591	4	2924.00
0	2591	4	2928.00
0	2591	4	2940.00
0	2591	4	2954.00
0	2591	4	2948.00
0	2417	1	1390.00
0	2591	4	2936.00
0	2591	4	2918.00
0	2591	4	2928.00
0	2591	4	2926.00
0	2591	4	2912.00
0	2591	4	2928.00
0	2591	4	2932.00
0	2591	4	2928.00
0	2591	4	2904.00
0	2591	4	2919.65
0	2418	1	1222.00
0	2591	4	2940.00
0	2591	4	2936.00
0	2591	4	2916.00
0	2591	4	2916.77
0	2591	4	2952.00
0	2591	4	2920.00
0	2591	4	2914.00
0	2591	4	2928.00
0	2591	4	2924.00
0	2591	4	2918.00
1302	163	4	15970.00
0	2591	1	2046.00
0	2591	4	2951.00
0	2591	4	2948.00
0	2591	4	2924.00
0	2591	4	2936.75
0	2591	4	2924.00
0	2591	4	2938.00
0	2591	4	2928.00
0	2591	4	2916.00
0	2591	4	2944.25
0	2591	4	2910.00
0	2591	2	2046.00
0	2591	4	2954.00
0	2591	4	2922.00
0	2591	4	2920.00
0	2591	4	2918.00
0	2591	4	2940.00
0	2591	4	2952.00
0	2591	4	2954.00
0	2591	4	2924.00
0	2591	4	2926.00
0	2591	4	2944.00
0	2417	1	1332.00
0	2591	4	2910.00
0	2591	4	2928.00
0	2591	4	2942.00
0	2591	4	2938.00
0	2591	4	2932.00
0	2591	4	2920.00
0	2591	4	2930.00
0	2591	4	16324.06
0	2591	4	2642.00
0	2591	4	2560.00
1385	1206	1	1993.43
0	2591	4	2560.00
0	2591	4	5796.00
0	2591	4	5624.00
0	2591	2	3964.00
0	2591	2	8192.00
0	2591	2	7986.00
2410	92	1	4.00
0	2069	2	2048.00
0	2591	2	8062.00
0	2591	2	8192.00
0	2591	1	2048.00
0	2591	2	8192.00
0	2591	4	16384.00
0	844	2	8012.00
0	331	1	4096.00
0	2591	1	1114.00
0	2591	1	3963.64
0	2591	1	4080.00
0	2591	1	3964.00
0	2591	1	1269.57
0	2591	1	1270.00
0	2591	1	2048.00
0	2591	1	1270.00
0	2591	2	5694.00
2508	83	1	256.76
2397	194	2	1000.56
0	2591	1	4096.00
0	2591	1	716.00
0	2591	2	4096.00
1474	574	1	402.84
0	2591	1	650.51
0	2591	1	752.00
0	2591	1	2048.00
0	2591	1	1022.00
0	782	4	3695.47
0	2591	2	8192.00
0	2591	1	3374.87
0	2591	1	3960.00
0	2591	1	3960.00
0	2591	1	3960.00
0	2591	1	3960.00
0	2591	1	3962.00
0	2591	1	3960.00
0	2591	1	2048.00
0	2591	1	3960.00
0	2591	1	3960.00
0	2591	1	3960.00
0	2591	1	3960.00
0	2591	1	4096.00
0	2591	1	1918.00
1375	3	1	296.83
0	2591	1	917.31
0	2591	1	2043.31
0	2591	4	8788.00
0	2591	1	2048.00
0	2591	2	3514.00
0	2591	1	2046.00
0	2591	1	3964.00
0	2591	1	3964.00
0	2591	1	2382.00
0	2591	1	2384.00
0	2591	1	1918.00
0	2591	1	3912.53
0	2591	1	3122.00
0	2591	1	3966.00
1375	7	1	2048.00
0	2591	1	1991.73
0	2591	2	327.25
0	2591	16	4194.00
0	2591	8	32628.00
0	2591	16	65392.00
0	2591	1	8192.00
0	2591	4	16384.00
0	2591	4	16384.00
0	2591	4	16384.00
0	2591	4	16384.00
1302	163	4	4.00
0	2591	1	2048.00
0	2591	1	3607.35
0	2591	1	3974.00
0	2591	1	2382.00
0	2591	1	2378.00
0	2591	2	7312.00
0	2591	2	587.27
0	2591	1	2024.00
0	2591	1	3963.18
0	1293	4	15966.00
0	2591	4	15964.00
0	330	1	2048.00
0	2591	4	15964.00
0	2591	4	15964.00
0	2591	4	15968.03
0	2591	4	15964.38
0	1293	4	15960.00
0	1293	4	15962.00
0	1293	4	15958.98
0	2591	4	15958.00
0	2591	4	15961.29
0	2591	4	15964.00
0	2591	1	2048.00
0	2591	4	15952.00
0	2591	4	15956.00
0	2591	4	15960.00
0	1279	4	15961.27
0	1279	4	15960.00
0	1279	4	15958.27
0	1279	4	15964.00
0	1279	4	15964.00
0	1279	4	15958.00
0	1279	4	15953.38
0	2591	1	2048.00
0	1279	4	15956.00
0	1279	4	15954.00
0	1279	4	15962.00
0	1279	4	15960.00
0	1279	4	15960.00
0	1279	4	15964.00
0	1279	4	15964.00
0	1279	4	15966.00
0	1279	4	15962.00
0	1279	4	15966.00
0	2591	1	2048.00
0	1279	4	15966.00
0	1279	4	15958.00
0	1279	4	15956.00
0	1279	4	15956.00
0	1279	4	15948.00
0	1279	4	15950.00
0	1279	4	15950.62
0	1279	4	15956.00
0	1279	4	15950.00
0	1279	4	15950.00
0	2591	1	2048.00
0	1279	4	15966.00
0	1279	4	15964.00
0	1279	4	15948.00
0	1279	4	15962.00
0	1279	4	15966.00
0	1279	4	15965.38
0	2591	2	8064.00
0	2591	2	5630.00
0	2591	2	2773.00
0	2591	2	3994.00
0	2591	1	2048.00
0	2591	2	3812.00
0	2591	2	8162.00
0	2591	2	4154.00
0	2591	2	8156.00
0	2591	2	3658.00
0	2591	2	3632.00
0	2591	2	4166.00
0	330	1	2672.00
0	2591	1	114.00
0	2591	1	4096.00
0	844	1	2377.38
0	844	1	276.00
861	929	1	997.26
940	249	1	398.34
858	2	1	302.64
0	2591	2	8064.00
0	2591	2	8074.00
0	2591	2	8064.00
0	2591	2	8074.00
0	2591	1	3974.00
0	845	1	2048.00
0	2591	2	5380.00
0	2591	2	8074.00
0	2591	2	3110.00
0	2591	1	710.47
0	2591	1	724.00
0	2591	1	3044.00
0	2591	1	3963.30
0	928	1	3964.00
0	2591	1	3963.49
0	2591	2	6732.00
0	2591	1	4096.00
0	2591	2	5828.00
102	2489	2	1012.93
0	2591	2	8074.00
0	2591	2	8070.00
0	760	1	4080.00
0	761	2	4904.00
101	659	2	244.00
0	2591	1	2394.00
0	2591	1	2386.43
102	2489	2	1306.39
1302	163	4	13311.67
0	2591	1	2048.00
102	3	2	344.25
106	2485	2	2669.55
102	2489	2	1229.08
0	2591	1	1552.00
0	2591	1	1634.00
102	2489	1	655.29
0	2591	8	32768.00
0	2591	1	4096.00
0	2591	4	16384.00
0	2591	4	16384.00
0	2591	1	2048.00
0	2591	4	16384.00
0	2591	4	16384.00
0	2591	4	16384.00
0	2591	4	16384.00
0	2591	4	16384.00
0	2591	4	16384.00
0	2591	4	16384.00
0	2591	4	31880.07
0	2591	2	16384.00
0	2591	2	8026.00
0	844	1	2048.00
0	2591	8	32636.00
0	2591	2	8192.00
0	2591	2	8046.00
0	2591	2	8192.00
0	2591	1	7986.00
0	2591	1	4096.00
0	2591	1	4096.00
0	2591	2	7986.00
0	2591	1	3966.00
0	2591	1	1270.00
0	331	1	2048.00
0	2591	1	1274.00
0	845	1	3974.00
0	2591	1	4088.00
0	2591	1	3876.00
0	2591	2	8192.00
0	2591	1	4096.00
0	2591	1	4096.00
0	2591	1	4096.00
0	2591	1	4096.00
0	2591	8	31992.00
0	2591	1	2048.00
0	2591	1	4096.00
0	2591	8	32768.00
0	2591	1	4096.00
0	2591	8	31912.00
0	2591	32	63752.00
0	2591	8	32274.00
0	2591	1	4096.00
0	2591	1	2048.00
0	2591	8	32611.96
1026	1565	1	743.26
1023	1	1	703.86
0	2591	1	4096.00
0	2591	1	2026.00
1375	3	1	2048.00
0	2591	1	2048.00
0	2591	1	4096.00
0	2591	1	4096.00
0	2591	1	2048.00
0	2591	1	4096.00
0	2591	1	4096.00
0	2591	1	4096.00
0	2591	4	16324.00
0	2591	1	4052.00
0	2591	2	4096.00
0	2591	4	8192.00
0	2591	1	4096.00
0	2591	2	8014.00
0	2591	1	2228.00
0	2591	1	2048.00
0	2591	1	632.00
1556	1035	1	316.00
0	2591	2	8154.25
0	2591	2	2048.00
0	2591	2	8064.00
0	2591	2	8072.00
0	2591	2	8072.00
0	2591	2	8074.00
0	2591	2	5564.00
0	2591	2	8156.00
0	2591	1	2048.00
0	2591	2	6405.48
1980	611	1	821.34
0	2591	2	8074.00
0	2591	2	8063.53
2062	529	2	980.67
2062	529	2	980.00
2136	455	2	1284.60
2136	455	2	1340.53
2136	455	2	1400.68
0	2591	2	4624.00
606	1985	1	2026.00
0	854	1	1452.66
0	2591	4	9874.93
0	2591	4	12716.00
0	2591	4	10740.36
0	2591	8	40960.00
0	2591	2	2048.00
0	2591	1	4096.00
0	2591	1	1022.00
0	2591	1	1022.00
0	2591	2	2048.00
1302	163	4	11984.50
0	2591	1	2048.00
0	2591	1	2048.00
0	2591	4	2048.00
0	2591	1	3115.47
0	2591	1	4096.00
1880	711	2	7102.89
0	2591	1	4096.00
2421	170	2	7986.00
0	331	4	16384.00
0	2591	1	4096.00
0	845	1	4096.00
0	2591	1	2048.00
0	844	2	8192.00
2421	170	2	6263.55
0	2591	4	16384.00
0	2591	1	4096.00
0	2591	4	16384.00
0	2591	4	16384.00
0	2591	4	16384.00
0	2591	4	16384.00
0	2591	4	16028.00
0	2591	4	16156.00
0	844	1	2048.00
0	2591	4	16384.00
0	2591	4	16384.00
0	2591	4	16384.00
0	2591	4	16384.00
0	2591	2	8192.00
0	2591	4	16384.00
0	2591	4	32768.00
0	2591	4	16384.00
0	2591	4	16384.00
0	2591	4	15992.00
1472	577	1	1846.60
0	2591	1	4096.00
0	2591	1	4096.00
0	2591	2	8192.00
0	2591	4	16384.00
0	2591	4	16384.00
0	2591	1	4096.00
0	2591	1	4096.00
0	2591	1	688.00
0	2591	4	11232.00
0	2591	1	2858.00
0	2591	1	2048.00
0	2591	2	2046.00
0	2591	2	2046.00
0	330	2	8186.00
0	2591	2	1808.00
0	330	1	2558.00
0	2591	1	4096.00
0	2591	2	4096.00
0	2591	1	800.00
0	2591	1	3966.00
0	2591	1	3090.00
0	2591	1	2048.00
0	2591	2	4096.00
0	2591	2	4096.00
0	2591	1	1024.00
0	2591	1	1024.00
0	2591	2	4096.00
0	2591	2	4096.00
0	2591	1	1024.00
0	2591	1	2048.00
0	2591	2	8192.00
0	2591	1	1024.00
0	2591	1	2048.00
0	2591	2	4096.00
0	2591	1	1024.00
0	2591	1	1020.00
0	2591	1	2044.00
0	2591	2	12236.00
0	2591	2	8178.00
0	2591	1	970.00
0	2591	4	16344.00
0	2591	1	2043.84
0	2591	4	16362.00
2411	156	1	1522.50
0	2591	1	2046.00
0	2591	4	16312.00
0	2591	1	4096.00
0	2591	2	8152.00
0	2591	1	2048.00
0	2591	2	8158.00
0	2591	2	8157.31
0	2591	2	6056.00
0	2591	1	4096.00
0	2591	2	8158.00
0	2591	1	2048.00
0	2591	2	8154.00
0	2591	2	8158.00
0	2591	2	8158.00
0	2591	2	8034.00
0	2591	2	8160.00
0	2591	2	8158.00
0	2591	1	2048.00
0	2591	1	4096.00
0	2591	1	3758.00
0	2591	1	2048.00
0	2591	1	2048.00
0	2591	4	20446.00
0	2591	1	15163.90
0	2591	4	20420.88
0	2591	1	12992.00
0	2591	4	20406.00
0	2591	1	2048.00
0	2591	1	2046.00
0	2591	2	8192.00
0	2591	1	4096.00
0	2591	2	8088.86
1302	163	4	15970.00
0	2591	1	2048.00
0	2591	1	4096.00
0	2591	1	4096.00
0	2591	1	1024.00
0	2591	2	7168.00
0	2591	1	1018.00
0	2591	2	3966.00
0	2591	1	210.00
0	2591	1	192.00
0	2591	1	496.00
0	2591	1	512.00
0	2591	1	2048.00
0	2591	1	356.00
0	2591	1	512.00
0	2591	1	342.00
0	2591	1	512.00
0	2591	1	256.00
0	2591	1	256.00
0	2591	1	314.00
0	2591	1	318.30
0	2591	1	512.00
0	2591	1	512.00
0	2591	1	2048.00
0	2591	1	510.00
0	2591	1	300.00
0	2591	1	510.00
0	2591	1	256.00
0	2591	1	256.00
0	2591	1	256.00
0	2591	1	256.00
0	2591	1	256.00
0	2591	1	256.00
0	2591	1	256.00
0	2591	1	3358.00
0	2591	1	256.00
0	2591	1	256.00
0	2591	1	256.00
0	2591	1	256.00
0	2591	1	256.00
0	2591	1	256.00
2069	522	1	158.94
2069	522	1	137.40
1456	1135	1	144.96
0	2591	4	23928.00
0	844	1	2030.00
0	2591	4	16384.00
0	2591	4	8192.00
0	2591	4	16384.00
0	2591	6	24576.00
0	2591	2	8192.00
0	2591	2	4096.00
0	2591	4	16038.00
0	2591	2	4028.00
0	79	1	512.00
0	2591	4	16384.00
0	2591	1	4096.00
0	2591	2	238.00
0	2591	2	16120.00
0	2591	2	16002.00
0	2591	2	8192.00
0	2591	2	4096.00
0	2591	1	3973.38
0	2591	1	4096.00
0	2591	4	8192.00
0	2591	4	8192.00
0	2591	1	2384.00
1386	1205	2	691.50
0	2591	1	2320.00
0	2591	1	2316.00
0	2591	1	2318.00
0	2591	1	2316.00
0	2591	1	800.02
0	2591	1	4080.00
0	2591	4	4080.00
0	2591	4	4080.00
1456	1135	4	1153.63
0	2591	1	2048.00
0	331	1	4096.00
0	2591	1	3070.00
0	2591	8	3056.00
0	2591	8	3066.00
0	2591	1	510.04
0	2591	1	2048.00
0	2591	4	8098.00
0	2591	2	3068.00
0	2591	2	3066.00
0	2591	1	512.00
0	2591	2	2048.00
0	2591	2	7988.00
0	2591	4	3068.00
0	2591	4	3068.00
0	2591	4	3068.00
0	2591	2	16384.00
0	2591	2	10240.00
0	2591	2	2044.00
0	2591	2	2044.00
0	2591	2	4096.00
0	2591	2	4096.00
0	2591	2	4096.00
0	2591	1	2048.00
0	2591	4	3066.00
0	2591	2	8192.00
0	2591	2	4096.00
0	2591	2	4096.00
0	2591	4	3968.00
0	2591	2	2430.00
0	2591	4	6016.00
0	2591	8	16254.00
0	2591	2	366.09
0	2591	4	510.01
