2470	2591	4	65536.00
138	163	4	13315.67
1237	845	2	8074.00
1701	2591	4	3968.00
46	2591	1	3974.00
1187	2591	2	8048.00
343	1135	1	1858.17
2365	1131	1	36.08
1544	2591	4	6118.00
125	2591	4	5408.00
2314	2591	8	16384.00
2044	2591	1	1918.00
1735	2591	2	298.52
141	845	2	8074.00
1140	2591	1	1918.00
1907	2591	1	153.09
726	2591	1	164.08
1093	2591	1	255.01
1078	2591	1	99.08
1250	2591	1	58.08
2152	2591	1	102.08
2301	2591	1	254.25
1362	2591	1	123.05
683	2591	1	175.10
1050	2591	2	8034.00
1524	2591	1	123.09
1422	2591	1	179.00
361	2591	1	205.07
1157	2591	1	252.08
451	2591	1	255.01
58	2591	1	136.03
1865	2591	1	244.11
795	2591	1	137.08
2021	2591	1	123.09
1057	2591	1	119.14
1760	845	2	8074.00
2057	2591	1	97.34
1435	2591	1	122.98
1186	2591	1	113.04
1352	2591	1	239.08
585	328	1	105.05
771	2591	1	99.09
26	2591	1	111.04
2120	2591	1	118.18
2062	2591	1	113.09
833	2591	1	99.09
1122	845	2	8074.00
654	2591	1	99.10
488	2591	1	167.08
1584	2591	1	137.00
2417	2591	1	79.53
1176	2591	1	171.15
116	2591	1	158.99
1977	2591	1	254.94
537	2591	1	140.09
2140	2591	1	105.07
911	2591	1	121.09
13	711	1	3613.20
2050	2591	1	254.98
1058	2591	1	134.09
1795	577	1	89.18
2499	2591	1	124.03
14	2567	1	121.10
1803	2591	1	99.06
2016	2591	1	114.09
708	1990	1	88.96
544	2591	1	177.07
946	2591	1	255.00
1676	2591	8	63676.00
914	2591	1	127.03
2275	2591	1	153.09
1654	2591	1	107.09
2054	2591	1	255.29
2229	2591	1	101.10
427	604	1	189.09
261	2591	1	129.04
2133	2591	1	129.10
1731	2591	1	185.00
337	2591	1	126.03
2494	2588	4	16320.00
2508	2591	1	99.03
2279	2591	1	178.99
1850	2591	1	103.11
2291	1823	1	87.43
1326	178	1	86.67
2298	2591	1	97.10
2143	2347	1	88.99
820	2591	1	112.09
1545	1221	1	84.84
1825	2591	1	123.44
2436	2591	8	16609.27
2211	2591	1	97.18
1409	2591	1	155.11
276	2591	1	97.02
1501	2591	1	99.05
32	2591	1	140.51
25	2591	1	113.11
2166	2591	1	157.10
745	2591	1	158.09
2155	2591	1	135.09
1463	2591	1	103.00
1748	2591	8	65262.00
166	2591	1	123.03
1265	2591	1	254.00
667	2591	1	137.07
2083	2591	1	116.52
443	2591	1	191.34
1745	2591	1	146.09
1905	2591	1	121.03
634	2591	1	149.08
1515	2591	1	181.09
1144	2591	1	109.07
2216	2591	1	4096.00
633	2591	8	58572.75
2103	2591	1	93.09
101	2591	1	141.11
1766	2591	1	126.09
523	2591	1	167.09
797	2591	1	124.14
1273	2591	1	99.09
109	2591	1	129.04
278	2591	1	179.05
2198	2591	1	124.09
1715	2591	1	110.50
717	2591	8	4992.00
34	2591	1	123.08
769	2591	1	147.09
1019	2591	1	106.09
97	849	1	255.14
1532	2591	1	189.18
2455	2591	1	217.07
1468	2591	1	125.09
198	2591	1	195.09
1142	2591	1	254.96
2195	2591	1	115.09
1415	2591	8	65268.00
251	2591	1	171.09
2367	2591	1	175.03
560	2591	1	169.09
1397	2591	1	151.10
1724	2591	1	142.09
1260	2591	1	193.09
2216	2567	1	121.04
505	2591	1	136.09
1392	2591	1	91.09
728	2591	1	122.00
1242	2507	8	2152.83
1237	2591	1	105.09
640	2591	1	175.09
171	1908	1	78.84
2419	2591	1	124.08
253	2591	1	148.00
326	2591	1	181.09
453	2591	1	112.03
505	2591	1	163.08
1541	2591	1	141.10
2507	1908	1	88.54
725	2591	16	7597.73
1348	2591	1	145.04
1580	2591	1	95.09
71	2591	1	115.11
1451	2591	1	227.08
757	1972	1	155.02
945	2591	1	255.07
643	2591	1	97.13
1142	2591	1	99.06
2416	2591	1	138.09
501	2591	1	123.14
1832	2591	4	6094.00
219	2591	1	127.09
14	516	1	88.81
2468	2591	1	191.04
323	2591	1	187.05
1198	2591	1	131.02
2038	2591	1	151.21
862	2591	1	141.09
1291	1394	1	86.62
1053	2591	1	125.08
785	2591	1	100.51
9	2591	4	6068.00
864	2591	1	256.00
217	2591	1	101.10
1437	2591	1	156.09
1462	2591	1	144.09
1945	1222	1	84.80
2320	2591	1	103.07
1127	2591	1	165.09
381	2591	1	181.10
2508	2591	1	181.07
2278	2591	1	123.13
2109	2591	16	65398.00
41	2591	1	254.91
234	2591	1	191.02
1761	2591	1	123.04
375	2591	1	121.02
661	2591	1	149.05
334	2591	1	156.09
1636	2591	1	103.05
2237	2591	1	147.38
1240	2591	1	109.13
2181	2591	1	142.09
1368	2591	32	7514.00
125	2591	1	124.09
1145	2591	1	177.05
1896	2591	1	102.51
309	2591	1	161.08
558	2591	1	132.17
332	2591	1	137.05
495	2591	1	104.17
1624	2591	1	162.03
2350	2591	1	149.04
450	2591	1	115.09
762	2591	32	8540.00
918	2591	1	142.09
1291	2591	1	175.07
1237	2591	1	239.08
1646	2591	1	106.08
1214	2591	1	256.00
1048	2591	1	181.10
1993	2591	1	129.05
1687	2591	1	124.33
808	2591	1	117.12
2253	2591	1	115.07
1619	2591	1	4096.00
1654	2591	32	10784.00
1293	2591	1	223.18
2294	2591	1	255.00
2346	2591	1	255.01
1312	2591	1	159.04
44	2591	1	101.09
1263	2591	1	119.11
2037	2591	1	203.09
694	2591	1	203.11
2316	2591	1	127.10
1578	34	1	88.58
1686	2591	4	16312.00
1098	1303	1	88.50
1170	11	1	89.05
1748	1275	1	117.03
2504	330	2	4154.00
1095	1921	1	256.00
1828	2591	1	256.00
977	2591	1	1380.00
1009	2591	2	4096.00
1565	1534	1	4096.00
1575	2591	1	1010.00
842	2591	16	65394.00
2408	2591	1	4096.00
23	2591	2	8042.00
1285	2591	1	3964.00
1120	1205	1	528.02
1872	1984	1	3578.95
994	2591	1	4076.00
1933	2591	8	24576.00
1380	2591	4	8192.00
2467	2591	4	16384.00
2505	2591	4	8192.00
1328	2591	4	16322.00
708	2591	2	8192.00
1879	2591	4	8192.00
1567	2591	4	8192.00
3	2591	4	8192.00
1757	1731	2	12.00
1499	574	1	4052.00
1411	2591	1	1024.00
241	2591	1	4049.59
1353	2591	4	15970.00
1216	81	4	14829.86
1142	82	4	10.00
354	81	4	15969.71
609	81	4	15969.20
1721	81	4	14905.87
212	81	4	15970.00
974	81	4	10660.67
1840	81	4	14831.71
49	2591	16	98078.00
544	2591	8	7112.00
1727	2591	4	16314.00
491	2591	1	2048.00
1820	619	32	6100.50
925	2591	16	65392.00
1998	2591	16	2228.00
2142	2591	4	16314.00
769	2591	32	61356.00
946	2591	16	65394.00
1621	2591	8	5564.00
1653	2591	8	50646.00
2489	2591	8	65262.00
1411	163	4	15970.00
1142	2591	8	5474.00
1200	2591	2	8192.00
1318	2591	2	8192.00
1198	2591	8	65262.00
2323	2591	8	3628.00
2165	2591	4	16312.00
346	2591	4	16384.00
2311	2591	4	16384.00
1665	2591	2	4096.00
1496	2591	1	2048.00
828	2065	2	4096.00
1787	2591	2	3966.00
693	2065	2	2048.00
1976	2591	2	2046.00
2385	2591	2	2046.00
2396	2591	1	856.00
2104	2591	2	4096.00
25	2516	1	8.00
306	2591	1	1484.00
1043	2591	1	1694.15
832	163	4	12784.40
2200	2591	1	1560.00
372	9	1	1143.33
1262	4	1	659.67
1266	2591	1	3964.00
769	2591	2	3342.00
2297	2591	2	6006.00
481	2591	2	7166.00
2110	2591	2	7906.00
1779	694	2	8192.00
2465	2591	1	2048.00
1229	2591	1	2048.00
102	2591	1	1285.38
1153	2591	1	4096.00
1163	2591	1	4096.00
1505	2591	2	3072.00
2369	2498	2	1004.00
1757	2591	1	3960.00
723	2591	1	1896.00
1860	2591	1	868.00
319	2591	1	3973.38
708	844	4	15956.00
2124	163	4	14562.06
196	844	1	2048.00
567	2591	4	15934.00
273	2591	4	15962.00
480	2191	8	20480.00
1054	2191	8	20480.00
826	2191	8	20480.00
1292	2191	8	20480.00
731	2191	8	20480.00
124	2191	8	20480.00
1410	2191	8	20066.00
1550	163	4	12782.80
1417	2191	8	19908.00
1048	2191	8	20290.00
57	2191	8	20480.00
1043	2191	8	20480.00
413	2191	8	20430.00
1079	2191	8	20480.00
2443	2191	8	20480.00
673	2191	8	20430.00
935	2191	8	20480.00
1436	2191	8	20480.00
2404	163	4	15970.00
665	178	2	7260.55
342	2191	8	20448.00
1565	2191	8	20480.00
174	2191	8	20480.00
1139	2191	8	20372.14
829	2191	8	20320.00
676	2191	8	20458.00
1204	2191	8	20290.03
391	2191	8	20480.00
1344	2191	8	20480.00
2323	2258	8	28644.00
601	2591	2	8192.00
2228	2192	8	20302.00
900	2258	8	28289.78
233	2192	8	20370.00
1944	2258	8	27281.71
1299	2192	8	20154.00
129	2192	8	20480.00
2022	2192	8	20270.00
360	2192	8	20480.00
395	2192	8	19930.00
2125	2254	8	31826.00
469	2591	1	2048.00
686	2249	8	31826.00
145	2249	8	29397.54
1310	2249	8	31827.17
133	2249	8	29132.76
1820	2249	8	31826.33
727	2249	8	31826.00
2446	2248	8	29556.14
463	2248	8	31827.29
1259	2254	8	23902.74
2260	2591	2	8058.00
2187	2248	8	15915.00
1412	2248	8	31826.00
363	2248	8	28937.45
659	2248	8	27799.87
1914	2248	8	27901.67
283	2248	8	28647.80
1727	2248	8	31826.00
679	2248	8	31146.11
436	2591	8	31846.15
2485	2591	2	2551.20
2157	2591	8	39800.00
2267	2591	8	31850.30
1376	2591	8	39846.00
2162	2591	8	31900.00
1350	2591	8	39802.00
1142	2591	8	31846.08
672	2591	8	39799.89
713	2591	8	32522.00
2229	2591	8	39803.71
875	2591	8	31984.00
1939	2591	2	8072.00
292	2591	8	39806.00
476	2591	8	31966.00
1188	2591	8	39801.54
2290	2591	8	32035.63
2229	2591	8	39846.00
1772	2591	8	32121.89
614	2591	8	39804.00
2178	2591	8	31848.00
2272	2591	8	39806.96
1756	2591	8	32526.05
1532	2591	2	2558.13
1660	2591	8	31844.12
1903	2591	8	31854.00
2191	2591	8	31848.21
2354	2591	8	32768.00
1375	2591	8	32768.00
1964	2591	8	32768.00
631	2591	8	32768.00
719	2591	8	32768.00
1858	2591	8	32768.00
7	2591	8	32768.00
1324	2591	2	3370.00
1825	2591	8	31846.00
685	2591	8	32208.70
470	2591	8	32768.00
363	2591	8	31860.78
2163	2591	8	32577.85
1250	2591	8	32709.77
2014	2591	8	32768.00
881	2591	8	31986.00
1374	2591	8	39805.42
1743	2591	8	32768.00
820	2591	1	2518.00
1016	2591	8	40960.00
309	2591	8	32768.00
2197	2591	8	39808.27
861	2591	8	32768.00
2455	2591	8	39806.00
1218	2591	8	31840.00
1617	2591	8	39802.25
5	2591	8	32768.00
1172	2591	8	39803.32
1734	2591	8	32768.00
962	2591	1	3964.00
1506	2591	8	39801.81
1032	2591	8	32768.00
66	2591	8	39804.00
2133	2591	8	39796.00
296	2591	8	39873.85
1063	2591	8	32638.00
781	2591	2	8074.00
2071	2591	1	3976.00
2049	2591	1	3974.00
209	2591	2	2098.00
2001	2591	2	8192.00
1090	2591	1	3976.00
769	2591	2	8032.00
2108	2591	2	8064.00
2364	2591	2	8074.00
2024	624	2	608.57
1824	624	2	715.75
2386	2591	1	2044.00
2054	2591	1	3974.00
744	2591	1	3962.99
1807	624	2	719.14
1055	624	2	715.43
1091	2591	2	8074.00
477	624	2	648.86
80	2591	2	5498.00
1999	0	2	6715.08
1649	1731	2	4259.37
977	59	2	6.00
1686	2591	2	8056.00
1311	0	2	615.00
992	2591	1	4096.00
768	1664	4	2527.09
529	2591	4	16254.00
1634	2591	2	2550.56
1820	2591	1	4096.00
1370	2591	2	6134.00
229	2591	2	6136.00
727	2591	2	8192.00
1425	2591	2	8192.00
2414	2591	2	8192.00
580	2591	4	16384.00
443	2591	2	8192.00
1580	2591	2	8192.00
313	2591	4	16254.00
2352	2591	2	8074.00
358	2591	2	8192.00
1630	1733	4	1318.69
1258	2591	4	16384.00
2067	2591	1	982.00
107	2591	1	4096.00
712	2591	2	8192.00
1352	1205	2	705.27
1715	2591	2	5490.00
1415	1984	1	3123.99
762	2591	2	7986.00
1034	2591	2	2442.00
1039	2591	2	8064.00
690	2591	2	8192.00
2088	711	2	7985.71
2505	2591	4	16320.00
267	2591	4	16320.00
2027	2591	4	15236.00
2211	2591	4	16312.00
1948	2591	4	16257.25
343	2591	4	16314.00
627	2591	4	16316.00
475	2591	1	736.47
1998	2591	4	16316.00
935	2591	4	16324.00
555	2591	4	16316.00
1277	2591	1	798.00
777	2591	2	8138.20
397	331	1	4096.00
1540	2591	1	4096.00
1730	2591	6	12288.00
526	2591	1	4018.00
326	330	4	7871.39
597	2591	1	686.47
798	2591	2	8192.00
1245	2484	2	4096.00
1209	2591	2	470.00
1166	2591	2	686.00
347	845	1	3974.00
912	2591	2	8160.00
1879	2591	2	8160.00
1390	2591	2	8152.00
79	2591	2	8168.00
1423	2591	1	2048.00
1090	2591	2	8162.00
390	2591	2	8164.00
984	2591	2	8162.00
1338	2591	2	8162.00
488	2591	2	8168.00
826	2591	2	8164.00
1139	2591	2	8162.00
698	2591	2	8164.00
775	2591	2	8164.00
2190	2591	2	8164.00
2430	2591	1	4052.00
93	2591	2	8164.00
1503	2591	2	1246.00
1367	2591	2	8162.00
334	2591	2	8162.00
293	2591	2	8162.00
1419	2591	4	2868.00
1693	2591	2	2730.00
1988	2591	4	16312.00
2237	2591	4	16336.27
2401	2591	1	482.00
2204	2591	1	4096.00
679	2591	1	190.00
2429	2591	4	16326.16
2345	2591	4	16312.00
187	2591	4	16312.00
1831	2591	4	16312.00
2129	2591	4	16312.00
1599	2591	4	16312.00
1335	2591	4	16312.00
1411	2591	4	16312.00
1535	2591	4	1496.00
254	163	4	13263.14
90	2591	1	3964.00
542	2591	4	1522.00
1409	2591	4	16312.00
1134	2591	4	16312.00
1593	2591	4	16312.00
1562	2591	4	16312.00
1616	2591	4	16312.00
2422	2591	4	16312.00
2357	2591	4	16312.00
2295	2591	4	16312.00
1231	2591	4	16312.00
1638	929	1	1270.00
293	2591	4	16312.00
780	2591	4	16312.00
2494	2591	4	8306.00
748	2591	4	8152.87
1455	2591	4	11248.00
212	2591	4	16310.00
599	2591	4	16311.50
701	2591	4	16312.00
1836	2591	4	16314.00
938	2591	4	16312.00
1280	2591	1	3964.00
1015	2591	4	13079.77
2229	2591	4	12901.56
1244	2591	4	16312.00
1699	2591	4	1930.00
223	2591	4	1920.00
838	2591	4	1840.00
501	2591	4	1872.00
170	2591	4	1894.00
1992	2591	4	1828.00
720	2591	4	1832.00
1578	2591	2	2048.00
1852	2591	4	1882.00
1221	2591	4	1918.00
1068	2591	4	2056.00
1942	2591	4	2110.00
1772	2591	4	2172.00
2311	2591	4	2170.00
302	2591	4	2134.00
776	2591	4	2028.00
951	2591	4	3252.00
255	2591	4	3220.00
1047	2591	2	2048.00
1053	2591	4	3228.00
669	2591	4	3212.00
2185	2591	4	3248.00
1352	2591	4	3228.00
2001	2591	4	3244.00
1254	2591	4	3216.00
912	2591	4	3228.00
1101	2591	4	3260.00
1485	2591	4	3236.00
1591	2591	4	3220.00
2035	2591	2	3072.00
218	2591	4	3224.00
1729	2591	4	16312.00
596	2591	4	16312.00
1712	2591	4	16324.00
849	2591	4	16312.00
1492	2591	4	16312.00
1162	2591	4	16312.00
1731	2591	4	16312.00
1751	2591	4	16328.00
1654	2591	4	16312.00
2251	2591	1	2048.00
1539	2591	4	16320.00
1995	2591	4	16324.00
520	2591	4	16312.00
460	2591	4	2932.00
477	2591	4	2948.00
2473	2591	4	2940.00
179	2591	4	2936.00
2425	2591	4	2920.00
1924	2591	4	2956.00
1329	2591	4	2920.00
1137	2591	1	2046.00
1070	2591	4	2944.00
700	2591	4	2924.00
315	2591	4	2934.00
2417	2591	4	2934.00
2002	2591	4	2922.00
678	2591	4	2924.00
356	2591	4	2928.00
242	2591	4	2940.00
1191	2591	4	2954.00
2364	2591	4	2948.00
553	2417	1	1390.00
1232	2591	4	2936.00
10	2591	4	2918.00
2344	2591	4	2928.00
1537	2591	4	2926.00
1369	2591	4	2912.00
11	2591	4	2928.00
1929	2591	4	2932.00
1523	2591	4	2928.00
2211	2591	4	2904.00
1440	2591	4	2919.65
1212	2418	1	1222.00
684	2591	4	2940.00
852	2591	4	2936.00
1641	2591	4	2916.00
696	2591	4	2916.77
700	2591	4	2952.00
642	2591	4	2920.00
1245	2591	4	2914.00
1029	2591	4	2928.00
2287	2591	4	2924.00
1273	2591	4	2918.00
1738	163	4	15970.00
1081	2591	1	2046.00
1160	2591	4	2951.00
1780	2591	4	2948.00
879	2591	4	2924.00
2416	2591	4	2936.75
107	2591	4	2924.00
1669	2591	4	2938.00
703	2591	4	2928.00
1822	2591	4	2916.00
2074	2591	4	2944.25
2084	2591	4	2910.00
2292	2591	2	2046.00
1358	2591	4	2954.00
997	2591	4	2922.00
296	2591	4	2920.00
48	2591	4	2918.00
1592	2591	4	2940.00
2030	2591	4	2952.00
158	2591	4	2954.00
1685	2591	4	2924.00
428	2591	4	2926.00
155	2591	4	2944.00
708	2417	1	1332.00
750	2591	4	2910.00
1945	2591	4	2928.00
855	2591	4	2942.00
511	2591	4	2938.00
2084	2591	4	2932.00
220	2591	4	2920.00
185	2591	4	2930.00
664	2591	4	16324.06
926	2591	4	2642.00
773	2591	4	2560.00
2218	1206	1	1993.43
336	2591	4	2560.00
2188	2591	4	5796.00
1763	2591	4	5624.00
1136	2591	2	3964.00
155	2591	2	8192.00
1478	2591	2	7986.00
785	92	1	4.00
1170	2069	2	2048.00
1597	2591	2	8062.00
1985	2591	2	8192.00
109	2591	1	2048.00
1342	2591	2	8192.00
2401	2591	4	16384.00
2475	844	2	8012.00
439	331	1	4096.00
320	2591	1	1114.00
1708	2591	1	3963.64
39	2591	1	4080.00
340	2591	1	3964.00
696	2591	1	1269.57
2151	2591	1	1270.00
1779	2591	1	2048.00
1058	2591	1	1270.00
2380	2591	2	5694.00
2078	83	1	256.76
2502	194	2	1000.56
1531	2591	1	4096.00
750	2591	1	716.00
2416	2591	2	4096.00
2372	574	1	402.84
364	2591	1	650.51
1602	2591	1	752.00
2127	2591	1	2048.00
1821	2591	1	1022.00
346	782	4	3695.47
1305	2591	2	8192.00
222	2591	1	3374.87
1652	2591	1	3960.00
1242	2591	1	3960.00
2016	2591	1	3960.00
1765	2591	1	3960.00
664	2591	1	3962.00
1977	2591	1	3960.00
1872	2591	1	2048.00
2497	2591	1	3960.00
608	2591	1	3960.00
2096	2591	1	3960.00
207	2591	1	3960.00
1941	2591	1	4096.00
835	2591	1	1918.00
1213	3	1	296.83
1708	2591	1	917.31
1548	2591	1	2043.31
2004	2591	4	8788.00
1520	2591	1	2048.00
585	2591	2	3514.00
601	2591	1	2046.00
1137	2591	1	3964.00
2028	2591	1	3964.00
88	2591	1	2382.00
479	2591	1	2384.00
64	2591	1	1918.00
1011	2591	1	3912.53
906	2591	1	3122.00
2236	2591	1	3966.00
1136	7	1	2048.00
2089	2591	1	1991.73
1541	2591	2	327.25
1189	2591	16	4194.00
1524	2591	8	32628.00
1044	2591	16	65392.00
1361	2591	1	8192.00
80	2591	4	16384.00
1446	2591	4	16384.00
1661	2591	4	16384.00
2244	2591	4	16384.00
1447	163	4	4.00
177	2591	1	2048.00
1063	2591	1	3607.35
1326	2591	1	3974.00
566	2591	1	2382.00
315	2591	1	2378.00
220	2591	2	7312.00
281	2591	2	587.27
1400	2591	1	2024.00
1147	2591	1	3963.18
570	1293	4	15966.00
1216	2591	4	15964.00
2282	330	1	2048.00
1949	2591	4	15964.00
2033	2591	4	15964.00
775	2591	4	15968.03
2498	2591	4	15964.38
1162	1293	4	15960.00
179	1293	4	15962.00
1534	1293	4	15958.98
1975	2591	4	15958.00
1313	2591	4	15961.29
2043	2591	4	15964.00
1287	2591	1	2048.00
1555	2591	4	15952.00
2071	2591	4	15956.00
851	2591	4	15960.00
2406	1279	4	15961.27
1518	1279	4	15960.00
1955	1279	4	15958.27
1031	1279	4	15964.00
2002	1279	4	15964.00
885	1279	4	15958.00
1386	1279	4	15953.38
745	2591	1	2048.00
2252	1279	4	15956.00
1637	1279	4	15954.00
2111	1279	4	15962.00
1626	1279	4	15960.00
1240	1279	4	15960.00
1837	1279	4	15964.00
2186	1279	4	15964.00
828	1279	4	15966.00
1652	1279	4	15962.00
2408	1279	4	15966.00
2359	2591	1	2048.00
330	1279	4	15966.00
176	1279	4	15958.00
2200	1279	4	15956.00
1130	1279	4	15956.00
1341	1279	4	15948.00
816	1279	4	15950.00
1068	1279	4	15950.62
2439	1279	4	15956.00
936	1279	4	15950.00
1127	1279	4	15950.00
2276	2591	1	2048.00
843	1279	4	15966.00
1724	1279	4	15964.00
928	1279	4	15948.00
831	1279	4	15962.00
320	1279	4	15966.00
64	1279	4	15965.38
381	2591	2	8064.00
9	2591	2	5630.00
1031	2591	2	2773.00
489	2591	2	3994.00
1405	2591	1	2048.00
50	2591	2	3812.00
418	2591	2	8162.00
2073	2591	2	4154.00
1276	2591	2	8156.00
2060	2591	2	3658.00
2409	2591	2	3632.00
118	2591	2	4166.00
1603	330	1	2672.00
1957	2591	1	114.00
1265	2591	1	4096.00
1696	844	1	2377.38
255	844	1	276.00
1040	929	1	997.26
1773	249	1	398.34
2300	2	1	302.64
613	2591	2	8064.00
356	2591	2	8074.00
2019	2591	2	8064.00
1822	2591	2	8074.00
1312	2591	1	3974.00
2247	845	1	2048.00
1295	2591	2	5380.00
1889	2591	2	8074.00
975	2591	2	3110.00
0	2591	1	710.47
555	2591	1	724.00
1226	2591	1	3044.00
695	2591	1	3963.30
1410	928	1	3964.00
273	2591	1	3963.49
23	2591	2	6732.00
1565	2591	1	4096.00
202	2591	2	5828.00
2154	2489	2	1012.93
1372	2591	2	8074.00
1475	2591	2	8070.00
736	760	1	4080.00
1740	761	2	4904.00
1835	659	2	244.00
1839	2591	1	2394.00
410	2591	1	2386.43
292	2489	2	1306.39
1492	163	4	13311.67
1220	2591	1	2048.00
2367	3	2	344.25
204	2485	2	2669.55
721	2489	2	1229.08
1649	2591	1	1552.00
1351	2591	1	1634.00
416	2489	1	655.29
1074	2591	8	32768.00
1349	2591	1	4096.00
627	2591	4	16384.00
893	2591	4	16384.00
409	2591	1	2048.00
1604	2591	4	16384.00
65	2591	4	16384.00
2170	2591	4	16384.00
2141	2591	4	16384.00
2509	2591	4	16384.00
1382	2591	4	16384.00
1755	2591	4	16384.00
75	2591	4	31880.07
2485	2591	2	16384.00
1299	2591	2	8026.00
1722	844	1	2048.00
1507	2591	8	32636.00
373	2591	2	8192.00
2200	2591	2	8046.00
2200	2591	2	8192.00
859	2591	1	7986.00
67	2591	1	4096.00
159	2591	1	4096.00
916	2591	2	7986.00
723	2591	1	3966.00
1204	2591	1	1270.00
78	331	1	2048.00
330	2591	1	1274.00
443	845	1	3974.00
1739	2591	1	4088.00
1681	2591	1	3876.00
2348	2591	2	8192.00
1241	2591	1	4096.00
91	2591	1	4096.00
1781	2591	1	4096.00
269	2591	1	4096.00
2392	2591	8	31992.00
1479	2591	1	2048.00
1369	2591	1	4096.00
1600	2591	8	32768.00
1103	2591	1	4096.00
507	2591	8	31912.00
1580	2591	32	63752.00
1996	2591	8	32274.00
1937	2591	1	4096.00
1523	2591	1	2048.00
1782	2591	8	32611.96
319	1565	1	743.26
182	1	1	703.86
2227	2591	1	4096.00
459	2591	1	2026.00
2194	3	1	2048.00
509	2591	1	2048.00
1564	2591	1	4096.00
2072	2591	1	4096.00
257	2591	1	2048.00
1607	2591	1	4096.00
1262	2591	1	4096.00
194	2591	1	4096.00
1634	2591	4	16324.00
2298	2591	1	4052.00
812	2591	2	4096.00
1274	2591	4	8192.00
61	2591	1	4096.00
1231	2591	2	8014.00
1166	2591	1	2228.00
2296	2591	1	2048.00
212	2591	1	632.00
901	1035	1	316.00
504	2591	2	8154.25
2008	2591	2	2048.00
724	2591	2	8064.00
2155	2591	2	8072.00
639	2591	2	8072.00
1730	2591	2	8074.00
984	2591	2	5564.00
1512	2591	2	8156.00
735	2591	1	2048.00
271	2591	2	6405.48
539	611	1	821.34
1224	2591	2	8074.00
845	2591	2	8063.53
150	529	2	980.67
1859	529	2	980.00
1332	455	2	1284.60
697	455	2	1340.53
2394	455	2	1400.68
2290	2591	2	4624.00
2074	1985	1	2026.00
1865	854	1	1452.66
111	2591	4	9874.93
924	2591	4	12716.00
902	2591	4	10740.36
2360	2591	8	40960.00
687	2591	2	2048.00
1664	2591	1	4096.00
1812	2591	1	1022.00
33	2591	1	1022.00
430	2591	2	2048.00
1878	163	4	11984.50
1273	2591	1	2048.00
859	2591	1	2048.00
323	2591	4	2048.00
1850	2591	1	3115.47
1278	2591	1	4096.00
312	711	2	7102.89
774	2591	1	4096.00
2120	170	2	7986.00
840	331	4	16384.00
287	2591	1	4096.00
919	845	1	4096.00
2074	2591	1	2048.00
2235	844	2	8192.00
2226	170	2	6263.55
520	2591	4	16384.00
1995	2591	1	4096.00
279	2591	4	16384.00
807	2591	4	16384.00
2100	2591	4	16384.00
1333	2591	4	16384.00
1830	2591	4	16028.00
73	2591	4	16156.00
1685	844	1	2048.00
1220	2591	4	16384.00
1194	2591	4	16384.00
692	2591	4	16384.00
1707	2591	4	16384.00
1813	2591	2	8192.00
501	2591	4	16384.00
841	2591	4	32768.00
199	2591	4	16384.00
978	2591	4	16384.00
286	2591	4	15992.00
490	577	1	1846.60
2098	2591	1	4096.00
1638	2591	1	4096.00
1353	2591	2	8192.00
17	2591	4	16384.00
1410	2591	4	16384.00
1393	2591	1	4096.00
1600	2591	1	4096.00
1366	2591	1	688.00
1835	2591	4	11232.00
1153	2591	1	2858.00
1865	2591	1	2048.00
1174	2591	2	2046.00
425	2591	2	2046.00
143	330	2	8186.00
2387	2591	2	1808.00
229	330	1	2558.00
2469	2591	1	4096.00
341	2591	2	4096.00
1421	2591	1	800.00
1146	2591	1	3966.00
859	2591	1	3090.00
2226	2591	1	2048.00
1391	2591	2	4096.00
1527	2591	2	4096.00
1556	2591	1	1024.00
511	2591	1	1024.00
2129	2591	2	4096.00
57	2591	2	4096.00
1471	2591	1	1024.00
802	2591	1	2048.00
71	2591	2	8192.00
681	2591	1	1024.00
1148	2591	1	2048.00
2232	2591	2	4096.00
687	2591	1	1024.00
34	2591	1	1020.00
351	2591	1	2044.00
1866	2591	2	12236.00
20	2591	2	8178.00
2420	2591	1	970.00
959	2591	4	16344.00
268	2591	1	2043.84
2116	2591	4	16362.00
730	156	1	1522.50
1354	2591	1	2046.00
1761	2591	4	16312.00
1688	2591	1	4096.00
1701	2591	2	8152.00
1133	2591	1	2048.00
994	2591	2	8158.00
1378	2591	2	8157.31
153	2591	2	6056.00
2335	2591	1	4096.00
1723	2591	2	8158.00
2086	2591	1	2048.00
1555	2591	2	8154.00
1574	2591	2	8158.00
389	2591	2	8158.00
567	2591	2	8034.00
513	2591	2	8160.00
1040	2591	2	8158.00
713	2591	1	2048.00
532	2591	1	4096.00
366	2591	1	3758.00
648	2591	1	2048.00
411	2591	1	2048.00
2047	2591	4	20446.00
377	2591	1	15163.90
2273	2591	4	20420.88
901	2591	1	12992.00
2478	2591	4	20406.00
2060	2591	1	2048.00
512	2591	1	2046.00
2040	2591	2	8192.00
1062	2591	1	4096.00
2046	2591	2	8088.86
258	163	4	15970.00
1880	2591	1	2048.00
1680	2591	1	4096.00
2268	2591	1	4096.00
761	2591	1	1024.00
359	2591	2	7168.00
1880	2591	1	1018.00
1320	2591	2	3966.00
1295	2591	1	210.00
376	2591	1	192.00
2135	2591	1	496.00
1313	2591	1	512.00
556	2591	1	2048.00
118	2591	1	356.00
2005	2591	1	512.00
1183	2591	1	342.00
2294	2591	1	512.00
2072	2591	1	256.00
469	2591	1	256.00
1138	2591	1	314.00
1318	2591	1	318.30
2039	2591	1	512.00
1117	2591	1	512.00
113	2591	1	2048.00
55	2591	1	510.00
2192	2591	1	300.00
641	2591	1	510.00
1094	2591	1	256.00
616	2591	1	256.00
1255	2591	1	256.00
1480	2591	1	256.00
626	2591	1	256.00
1926	2591	1	256.00
1198	2591	1	256.00
2193	2591	1	3358.00
286	2591	1	256.00
1909	2591	1	256.00
1419	2591	1	256.00
2065	2591	1	256.00
853	2591	1	256.00
754	2591	1	256.00
306	522	1	158.94
1180	522	1	137.40
1022	1135	1	144.96
1404	2591	4	23928.00
1672	844	1	2030.00
898	2591	4	16384.00
1109	2591	4	8192.00
1072	2591	4	16384.00
309	2591	6	24576.00
877	2591	2	8192.00
1544	2591	2	4096.00
1644	2591	4	16038.00
2415	2591	2	4028.00
1985	79	1	512.00
1146	2591	4	16384.00
1371	2591	1	4096.00
1708	2591	2	238.00
415	2591	2	16120.00
1038	2591	2	16002.00
1403	2591	2	8192.00
2088	2591	2	4096.00
1489	2591	1	3973.38
702	2591	1	4096.00
2371	2591	4	8192.00
520	2591	4	8192.00
2076	2591	1	2384.00
546	1205	2	691.50
2013	2591	1	2320.00
260	2591	1	2316.00
59	2591	1	2318.00
1076	2591	1	2316.00
1545	2591	1	800.02
1415	2591	1	4080.00
1180	2591	4	4080.00
2357	2591	4	4080.00
1534	1135	4	1153.63
2384	2591	1	2048.00
2018	331	1	4096.00
1021	2591	1	3070.00
1706	2591	8	3056.00
2190	2591	8	3066.00
1612	2591	1	510.04
1594	2591	1	2048.00
470	2591	4	8098.00
948	2591	2	3068.00
842	2591	2	3066.00
920	2591	1	512.00
2037	2591	2	2048.00
687	2591	2	7988.00
1414	2591	4	3068.00
90	2591	4	3068.00
1214	2591	4	3068.00
153	2591	2	16384.00
708	2591	2	10240.00
748	2591	2	2044.00
2352	2591	2	2044.00
591	2591	2	4096.00
1803	2591	2	4096.00
1234	2591	2	4096.00
1249	2591	1	2048.00
2388	2591	4	3066.00
1781	2591	2	8192.00
1692	2591	2	4096.00
1585	2591	2	4096.00
1975	2591	4	3968.00
1806	2591	2	2430.00
323	2591	4	6016.00
2076	2591	8	16254.00
774	2591	2	366.09
232	2591	4	510.01
