0	999999999	1	2.000000
1	999999999	1	2.000000
2	999999999	1	1.000000
3	999999999	4	16.000000
4	999999999	8	32.000000
5	999999999	1	1.000000
6	999999999	1	1.000000
7	999999999	8	32.000000
8	999999999	4	16.000000
9	999999999	1	0.500000
10	999999999	4	16.000000
11	999999999	1	1.000000
12	999999999	2	8.000000
13	999999999	1	1.000000
14	999999999	1	1.000000
15	999999999	2	8.000000
16	999999999	8	32.000000
17	999999999	1	2.000000
18	999999999	2	8.000000
19	999999999	1	1.000000
20	999999999	1	0.500000
21	999999999	1	2.000000
22	999999999	2	8.000000
23	999999999	2	4.000000
24	999999999	2	8.000000
25	999999999	4	16.000000
26	999999999	2	4.000000
27	999999999	1	0.500000
28	999999999	2	8.000000
29	999999999	8	32.000000
30	999999999	4	16.000000
31	999999999	2	4.000000
32	999999999	8	32.000000
33	999999999	2	8.000000
34	999999999	1	2.000000
35	999999999	2	4.000000
36	999999999	2	8.000000
37	999999999	2	8.000000
38	999999999	2	8.000000
39	999999999	1	1.000000
40	999999999	8	32.000000
41	999999999	4	16.000000
42	999999999	1	2.000000
43	999999999	1	1.000000
44	999999999	2	8.000000
45	999999999	1	1.000000
46	999999999	8	32.000000
47	999999999	4	16.000000
48	999999999	4	16.000000
49	999999999	1	2.000000
50	999999999	4	16.000000
51	999999999	1	0.500000
52	999999999	2	8.000000
53	999999999	8	32.000000
54	999999999	1	2.000000
55	999999999	2	4.000000
56	999999999	2	8.000000
57	999999999	1	1.000000
58	999999999	1	1.000000
59	999999999	1	0.500000
60	999999999	4	16.000000
61	999999999	2	8.000000
62	999999999	1	1.000000
63	999999999	8	32.000000
64	999999999	1	2.000000
65	999999999	1	1.000000
66	999999999	1	2.000000
67	999999999	1	2.000000
68	999999999	4	16.000000
69	999999999	4	16.000000
70	999999999	8	32.000000
71	999999999	4	16.000000
72	999999999	1	0.500000
73	999999999	8	32.000000
74	999999999	4	16.000000
75	999999999	1	2.000000
76	999999999	2	8.000000
77	999999999	1	0.500000
78	999999999	1	2.000000
79	999999999	1	2.000000
80	999999999	1	0.500000
81	999999999	2	4.000000
82	999999999	2	8.000000
83	999999999	1	2.000000
84	999999999	4	16.000000
85	999999999	4	16.000000
86	999999999	2	4.000000
87	999999999	1	1.000000
88	999999999	1	1.000000
89	999999999	1	2.000000
90	999999999	2	4.000000
91	999999999	8	32.000000
92	999999999	2	4.000000
93	999999999	1	1.000000
94	999999999	2	4.000000
95	999999999	2	8.000000
96	999999999	2	8.000000
97	999999999	1	1.000000
98	999999999	4	16.000000
99	999999999	1	1.000000
100	999999999	1	0.500000
101	999999999	2	8.000000
102	999999999	4	16.000000
103	999999999	1	2.000000
104	999999999	8	32.000000
105	999999999	8	32.000000
106	999999999	1	2.000000
107	999999999	1	0.500000
108	999999999	1	0.500000
109	999999999	8	32.000000
110	999999999	4	16.000000
111	999999999	8	32.000000
112	999999999	2	4.000000
113	999999999	2	8.000000
114	999999999	2	4.000000
115	999999999	1	1.000000
116	999999999	2	4.000000
117	999999999	4	16.000000
118	999999999	8	32.000000
119	999999999	1	2.000000
120	999999999	2	8.000000
121	999999999	2	4.000000
122	999999999	1	1.000000
123	999999999	2	8.000000
124	999999999	1	2.000000
125	999999999	2	8.000000
126	999999999	2	8.000000
127	999999999	2	8.000000
128	999999999	4	16.000000
129	999999999	8	32.000000
130	999999999	2	4.000000
131	999999999	1	0.500000
132	999999999	4	16.000000
133	999999999	2	4.000000
134	999999999	1	1.000000
135	999999999	8	32.000000
136	999999999	1	0.500000
137	999999999	2	8.000000
138	999999999	4	16.000000
139	999999999	2	4.000000
140	999999999	1	0.500000
141	999999999	4	16.000000
142	999999999	2	4.000000
143	999999999	1	1.000000
144	999999999	1	1.000000
145	999999999	8	32.000000
146	999999999	1	0.500000
147	999999999	4	16.000000
148	999999999	1	2.000000
149	999999999	2	8.000000
150	999999999	1	1.000000
151	999999999	8	32.000000
152	999999999	2	4.000000
153	999999999	2	8.000000
154	999999999	2	8.000000
155	999999999	4	16.000000
156	999999999	1	2.000000
157	999999999	2	8.000000
158	999999999	8	32.000000
159	999999999	4	16.000000
160	999999999	1	0.500000
161	999999999	1	0.500000
162	999999999	1	1.000000
163	999999999	8	32.000000
164	999999999	1	1.000000
165	999999999	4	16.000000
166	999999999	2	4.000000
167	999999999	1	1.000000
168	999999999	1	0.500000
169	999999999	2	8.000000
170	999999999	1	0.500000
171	999999999	2	8.000000
172	999999999	2	8.000000
173	999999999	8	32.000000
174	999999999	4	16.000000
175	999999999	1	0.500000
176	999999999	4	16.000000
177	999999999	2	4.000000
178	999999999	1	0.500000
179	999999999	1	2.000000
180	999999999	1	2.000000
181	999999999	1	1.000000
182	999999999	2	4.000000
183	999999999	1	1.000000
184	999999999	8	32.000000
185	999999999	2	8.000000
186	999999999	1	0.500000
187	999999999	2	4.000000
188	999999999	4	16.000000
189	999999999	1	0.500000
190	999999999	1	0.500000
191	999999999	1	1.000000
192	999999999	2	8.000000
193	999999999	1	2.000000
194	999999999	1	2.000000
195	999999999	2	4.000000
196	999999999	2	4.000000
197	999999999	1	1.000000
198	999999999	1	1.000000
199	999999999	4	16.000000
200	999999999	4	16.000000
201	999999999	2	8.000000
202	999999999	1	0.500000
203	999999999	2	8.000000
204	999999999	2	8.000000
205	999999999	2	8.000000
206	999999999	1	0.500000
207	999999999	1	2.000000
208	999999999	1	1.000000
209	999999999	2	8.000000
210	999999999	1	2.000000
211	999999999	1	0.500000
212	999999999	1	1.000000
213	999999999	8	32.000000
214	999999999	1	0.500000
215	999999999	1	2.000000
216	999999999	1	2.000000
217	999999999	8	32.000000
218	999999999	1	0.500000
219	999999999	2	4.000000
220	999999999	2	4.000000
221	999999999	8	32.000000
222	999999999	1	0.500000
223	999999999	1	2.000000
224	999999999	8	32.000000
225	999999999	4	16.000000
226	999999999	1	0.500000
227	999999999	2	8.000000
228	999999999	2	8.000000
229	999999999	2	4.000000
230	999999999	1	2.000000
231	999999999	4	16.000000
232	999999999	2	4.000000
233	999999999	8	32.000000
234	999999999	1	1.000000
235	999999999	1	0.500000
236	999999999	1	1.000000
237	999999999	1	1.000000
238	999999999	1	0.500000
239	999999999	4	16.000000
240	999999999	4	16.000000
241	999999999	4	16.000000
242	999999999	4	16.000000
243	999999999	8	32.000000
244	999999999	2	8.000000
245	999999999	2	4.000000
246	999999999	8	32.000000
247	999999999	1	1.000000
248	999999999	1	2.000000
249	999999999	4	16.000000
250	999999999	1	1.000000
251	999999999	1	0.500000
252	999999999	1	1.000000
253	999999999	1	1.000000
254	999999999	2	8.000000
255	999999999	2	8.000000
256	999999999	8	32.000000
257	999999999	1	1.000000
258	999999999	8	32.000000
259	999999999	1	2.000000
260	999999999	4	16.000000
261	999999999	2	4.000000
262	999999999	4	16.000000
263	999999999	4	16.000000
264	999999999	4	16.000000
265	999999999	8	32.000000
266	999999999	1	2.000000
267	999999999	1	0.500000
268	999999999	4	16.000000
269	999999999	1	1.000000
270	999999999	2	8.000000
271	999999999	1	0.500000
272	999999999	8	32.000000
273	999999999	2	4.000000
274	999999999	2	4.000000
275	999999999	2	8.000000
276	999999999	4	16.000000
277	999999999	2	8.000000
278	999999999	2	4.000000
279	999999999	1	0.500000
280	999999999	1	0.500000
281	999999999	4	16.000000
282	999999999	1	1.000000
283	999999999	4	16.000000
284	999999999	8	32.000000
285	999999999	1	1.000000
286	999999999	1	2.000000
287	999999999	4	16.000000
288	999999999	2	4.000000
289	999999999	8	32.000000
290	999999999	1	2.000000
291	999999999	4	16.000000
292	999999999	2	4.000000
293	999999999	1	1.000000
294	999999999	2	8.000000
295	999999999	1	1.000000
296	999999999	1	0.500000
297	999999999	4	16.000000
298	999999999	8	32.000000
299	999999999	1	2.000000
300	999999999	2	4.000000
301	999999999	2	8.000000
302	999999999	2	8.000000
303	999999999	1	0.500000
304	999999999	8	32.000000
305	999999999	1	2.000000
306	999999999	1	2.000000
307	999999999	4	16.000000
308	999999999	2	4.000000
309	999999999	1	2.000000
310	999999999	2	8.000000
311	999999999	2	4.000000
312	999999999	2	4.000000
313	999999999	1	0.500000
314	999999999	2	4.000000
315	999999999	1	1.000000
316	999999999	8	32.000000
317	999999999	1	1.000000
318	999999999	1	2.000000
319	999999999	1	1.000000
320	999999999	8	32.000000
321	999999999	1	2.000000
322	999999999	1	2.000000
323	999999999	8	32.000000
324	999999999	1	2.000000
325	999999999	2	8.000000
326	999999999	8	32.000000
327	999999999	8	32.000000
328	999999999	1	2.000000
329	999999999	1	2.000000
330	999999999	2	8.000000
331	999999999	4	16.000000
332	999999999	4	16.000000
333	999999999	2	8.000000
334	999999999	2	4.000000
335	999999999	1	2.000000
336	999999999	2	8.000000
337	999999999	1	1.000000
338	999999999	8	32.000000
339	999999999	2	8.000000
340	999999999	1	0.500000
341	999999999	8	32.000000
342	999999999	1	2.000000
343	999999999	2	4.000000
344	999999999	1	1.000000
345	999999999	1	1.000000
346	999999999	1	1.000000
347	999999999	8	32.000000
348	999999999	1	0.500000
349	999999999	4	16.000000
350	999999999	8	32.000000
351	999999999	2	8.000000
352	999999999	1	0.500000
353	999999999	1	2.000000
354	999999999	1	1.000000
355	999999999	4	16.000000
356	999999999	4	16.000000
357	999999999	2	4.000000
358	999999999	2	4.000000
359	999999999	1	0.500000
360	999999999	1	1.000000
361	999999999	1	0.500000
362	999999999	1	2.000000
363	999999999	4	16.000000
364	999999999	1	1.000000
365	999999999	2	8.000000
366	999999999	2	8.000000
367	999999999	2	4.000000
368	999999999	2	8.000000
369	999999999	4	16.000000
370	999999999	2	8.000000
371	999999999	1	2.000000
372	999999999	2	8.000000
373	999999999	1	1.000000
374	999999999	2	8.000000
375	999999999	8	32.000000
376	999999999	2	8.000000
377	999999999	8	32.000000
378	999999999	1	0.500000
379	999999999	4	16.000000
380	999999999	1	1.000000
381	999999999	8	32.000000
382	999999999	2	4.000000
383	999999999	1	2.000000
384	999999999	2	8.000000
385	999999999	1	2.000000
386	999999999	2	8.000000
387	999999999	2	4.000000
388	999999999	1	1.000000
389	999999999	2	8.000000
390	999999999	1	0.500000
391	999999999	4	16.000000
392	999999999	1	1.000000
393	999999999	8	32.000000
394	999999999	8	32.000000
395	999999999	1	1.000000
396	999999999	2	4.000000
397	999999999	1	0.500000
398	999999999	1	1.000000
399	999999999	8	32.000000
400	999999999	4	16.000000
401	999999999	2	8.000000
402	999999999	2	4.000000
403	999999999	1	2.000000
404	999999999	1	2.000000
405	999999999	1	1.000000
406	999999999	8	32.000000
407	999999999	2	4.000000
408	999999999	4	16.000000
409	999999999	2	4.000000
410	999999999	1	2.000000
411	999999999	8	32.000000
412	999999999	1	0.500000
413	999999999	1	0.500000
414	999999999	2	4.000000
415	999999999	2	4.000000
416	999999999	1	2.000000
417	999999999	2	4.000000
418	999999999	8	32.000000
419	999999999	2	8.000000
420	999999999	1	2.000000
421	999999999	2	4.000000
422	999999999	2	8.000000
423	999999999	2	4.000000
424	999999999	4	16.000000
425	999999999	1	1.000000
426	999999999	1	1.000000
427	999999999	1	0.500000
428	999999999	2	8.000000
429	999999999	1	1.000000
430	999999999	4	16.000000
431	999999999	1	2.000000
432	999999999	8	32.000000
433	999999999	1	0.500000
434	999999999	1	1.000000
435	999999999	8	32.000000
436	999999999	1	1.000000
437	999999999	4	16.000000
438	999999999	1	0.500000
439	999999999	1	0.500000
440	999999999	4	16.000000
441	999999999	4	16.000000
442	999999999	4	16.000000
443	999999999	1	1.000000
444	999999999	1	0.500000
445	999999999	1	2.000000
446	999999999	1	2.000000
447	999999999	1	0.500000
448	999999999	1	1.000000
449	999999999	2	4.000000
450	999999999	2	4.000000
451	999999999	8	32.000000
452	999999999	1	2.000000
453	999999999	8	32.000000
454	999999999	2	4.000000
455	999999999	1	2.000000
456	999999999	1	0.500000
457	999999999	1	1.000000
458	999999999	8	32.000000
459	999999999	1	2.000000
460	999999999	8	32.000000
461	999999999	1	1.000000
462	999999999	1	0.500000
463	999999999	4	16.000000
464	999999999	2	4.000000
465	999999999	4	16.000000
466	999999999	1	0.500000
467	999999999	1	2.000000
468	999999999	8	32.000000
469	999999999	2	8.000000
470	999999999	1	1.000000
471	999999999	1	0.500000
472	999999999	4	16.000000
473	999999999	1	1.000000
474	999999999	2	4.000000
475	999999999	1	0.500000
476	999999999	1	1.000000
477	999999999	2	8.000000
478	999999999	4	16.000000
479	999999999	1	2.000000
480	999999999	2	4.000000
481	999999999	1	2.000000
482	999999999	8	32.000000
483	999999999	2	8.000000
484	999999999	1	2.000000
485	999999999	8	32.000000
486	999999999	1	2.000000
487	999999999	1	0.500000
488	999999999	2	8.000000
489	999999999	1	0.500000
490	999999999	2	4.000000
491	999999999	4	16.000000
492	999999999	2	4.000000
493	999999999	2	4.000000
494	999999999	4	16.000000
495	999999999	4	16.000000
496	999999999	1	1.000000
497	999999999	4	16.000000
498	999999999	1	1.000000
499	999999999	2	8.000000
500	999999999	1	0.500000
501	999999999	4	16.000000
502	999999999	2	8.000000
503	999999999	4	16.000000
504	999999999	1	0.500000
505	999999999	1	2.000000
506	999999999	8	32.000000
507	999999999	1	0.500000
508	999999999	1	0.500000
509	999999999	1	0.500000
510	999999999	8	32.000000
511	999999999	1	2.000000
512	999999999	2	4.000000
513	999999999	1	0.500000
514	999999999	2	4.000000
515	999999999	4	16.000000
516	999999999	1	1.000000
517	999999999	4	16.000000
518	999999999	1	0.500000
519	999999999	1	1.000000
520	999999999	2	8.000000
521	999999999	2	4.000000
522	999999999	1	0.500000
523	999999999	1	2.000000
524	999999999	1	1.000000
525	999999999	4	16.000000
526	999999999	1	2.000000
527	999999999	2	4.000000
528	999999999	4	16.000000
529	999999999	4	16.000000
530	999999999	1	1.000000
531	999999999	4	16.000000
532	999999999	1	0.500000
533	999999999	2	4.000000
534	999999999	1	1.000000
535	999999999	1	0.500000
536	999999999	1	2.000000
537	999999999	1	2.000000
538	999999999	2	8.000000
539	999999999	8	32.000000
540	999999999	4	16.000000
541	999999999	2	8.000000
542	999999999	1	2.000000
543	999999999	1	0.500000
544	999999999	8	32.000000
545	999999999	1	1.000000
546	999999999	1	0.500000
547	999999999	1	1.000000
548	999999999	8	32.000000
549	999999999	2	8.000000
550	999999999	1	1.000000
551	999999999	1	2.000000
552	999999999	2	4.000000
553	999999999	4	16.000000
554	999999999	8	32.000000
555	999999999	1	2.000000
556	999999999	8	32.000000
557	999999999	1	0.500000
558	999999999	8	32.000000
559	999999999	2	4.000000
560	999999999	2	8.000000
561	999999999	4	16.000000
562	999999999	4	16.000000
563	999999999	2	8.000000
564	999999999	1	0.500000
565	999999999	4	16.000000
566	999999999	2	8.000000
567	999999999	1	0.500000
568	999999999	1	1.000000
569	999999999	4	16.000000
570	999999999	8	32.000000
571	999999999	1	0.500000
572	999999999	2	4.000000
573	999999999	1	1.000000
574	999999999	1	1.000000
575	999999999	1	2.000000
576	999999999	4	16.000000
577	999999999	1	2.000000
578	999999999	1	1.000000
579	999999999	4	16.000000
580	999999999	1	0.500000
581	999999999	1	2.000000
582	999999999	4	16.000000
583	999999999	1	1.000000
584	999999999	1	1.000000
585	999999999	4	16.000000
586	999999999	2	8.000000
587	999999999	1	0.500000
588	999999999	2	4.000000
589	999999999	8	32.000000
590	999999999	8	32.000000
591	999999999	2	4.000000
592	999999999	1	0.500000
593	999999999	2	4.000000
594	999999999	4	16.000000
595	999999999	2	4.000000
596	999999999	2	4.000000
597	999999999	1	0.500000
598	999999999	1	0.500000
599	999999999	1	0.500000
600	999999999	1	2.000000
601	999999999	1	1.000000
602	999999999	1	2.000000
603	999999999	1	0.500000
604	999999999	8	32.000000
605	999999999	2	8.000000
606	999999999	2	8.000000
607	999999999	4	16.000000
608	999999999	4	16.000000
609	999999999	4	16.000000
610	999999999	2	8.000000
611	999999999	1	0.500000
612	999999999	1	1.000000
613	999999999	2	4.000000
614	999999999	1	2.000000
615	999999999	1	1.000000
616	999999999	8	32.000000
617	999999999	2	4.000000
618	999999999	2	4.000000
619	999999999	2	4.000000
620	999999999	1	2.000000
621	999999999	1	2.000000
622	999999999	1	0.500000
623	999999999	2	4.000000
624	999999999	1	1.000000
625	999999999	2	4.000000
626	999999999	1	0.500000
627	999999999	4	16.000000
628	999999999	2	8.000000
629	999999999	2	8.000000
630	999999999	4	16.000000
631	999999999	4	16.000000
632	999999999	2	4.000000
633	999999999	2	8.000000
634	999999999	1	2.000000
635	999999999	4	16.000000
636	999999999	1	2.000000
637	999999999	2	8.000000
638	999999999	2	4.000000
639	999999999	1	2.000000
640	999999999	2	8.000000
641	999999999	1	2.000000
642	999999999	1	2.000000
643	999999999	4	16.000000
644	999999999	2	4.000000
645	999999999	2	4.000000
646	999999999	1	2.000000
647	999999999	1	1.000000
648	999999999	1	2.000000
649	999999999	1	0.500000
650	999999999	2	4.000000
651	999999999	2	4.000000
652	999999999	2	8.000000
653	999999999	1	0.500000
654	999999999	1	2.000000
655	999999999	1	2.000000
656	999999999	2	8.000000
657	999999999	8	32.000000
658	999999999	1	2.000000
659	999999999	8	32.000000
660	999999999	4	16.000000
661	999999999	1	0.500000
662	999999999	1	0.500000
663	999999999	4	16.000000
664	999999999	1	0.500000
665	999999999	1	2.000000
666	999999999	2	8.000000
667	999999999	2	8.000000
668	999999999	1	0.500000
669	999999999	1	1.000000
670	999999999	1	2.000000
671	999999999	1	2.000000
672	999999999	8	32.000000
673	999999999	8	32.000000
674	999999999	2	4.000000
675	999999999	2	4.000000
676	999999999	1	1.000000
677	999999999	2	8.000000
678	999999999	8	32.000000
679	999999999	2	4.000000
680	999999999	2	4.000000
681	999999999	1	2.000000
682	999999999	2	4.000000
683	999999999	1	1.000000
684	999999999	4	16.000000
685	999999999	2	8.000000
686	999999999	4	16.000000
687	999999999	2	8.000000
688	999999999	2	8.000000
689	999999999	4	16.000000
690	999999999	2	4.000000
691	999999999	4	16.000000
692	999999999	1	1.000000
693	999999999	2	8.000000
694	999999999	1	1.000000
695	999999999	2	4.000000
696	999999999	4	16.000000
697	999999999	2	8.000000
698	999999999	1	1.000000
699	999999999	2	8.000000
700	999999999	1	0.500000
701	999999999	4	16.000000
702	999999999	1	0.500000
703	999999999	1	1.000000
704	999999999	4	16.000000
705	999999999	2	8.000000
706	999999999	1	1.000000
707	999999999	4	16.000000
708	999999999	1	2.000000
709	999999999	1	0.500000
710	999999999	2	8.000000
711	999999999	1	1.000000
712	999999999	1	0.500000
713	999999999	1	2.000000
714	999999999	2	8.000000
715	999999999	1	2.000000
716	999999999	1	2.000000
717	999999999	1	0.500000
718	999999999	1	1.000000
719	999999999	4	16.000000
720	999999999	1	2.000000
721	999999999	2	8.000000
722	999999999	1	1.000000
723	999999999	4	16.000000
724	999999999	2	8.000000
725	999999999	1	2.000000
726	999999999	1	1.000000
727	999999999	4	16.000000
728	999999999	8	32.000000
729	999999999	1	1.000000
730	999999999	8	32.000000
731	999999999	2	4.000000
732	999999999	1	2.000000
733	999999999	2	4.000000
734	999999999	1	1.000000
735	999999999	1	2.000000
736	999999999	2	8.000000
737	999999999	2	4.000000
738	999999999	2	4.000000
739	999999999	2	4.000000
740	999999999	4	16.000000
741	999999999	4	16.000000
742	999999999	1	1.000000
743	999999999	2	8.000000
744	999999999	1	1.000000
745	999999999	8	32.000000
746	999999999	1	0.500000
747	999999999	4	16.000000
748	999999999	1	2.000000
749	999999999	4	16.000000
750	999999999	4	16.000000
751	999999999	4	16.000000
752	999999999	1	1.000000
753	999999999	1	1.000000
754	999999999	8	32.000000
755	999999999	1	2.000000
756	999999999	1	2.000000
757	999999999	1	0.500000
758	999999999	1	0.500000
759	999999999	2	8.000000
760	999999999	4	16.000000
761	999999999	1	2.000000
762	999999999	1	0.500000
763	999999999	1	1.000000
764	999999999	8	32.000000
765	999999999	4	16.000000
766	999999999	1	0.500000
767	999999999	1	1.000000
768	999999999	1	0.500000
769	999999999	8	32.000000
770	999999999	2	8.000000
771	999999999	1	1.000000
772	999999999	4	16.000000
773	999999999	4	16.000000
774	999999999	2	4.000000
775	999999999	2	4.000000
776	999999999	2	4.000000
777	999999999	1	0.500000
778	999999999	2	4.000000
779	999999999	2	8.000000
780	999999999	1	2.000000
781	999999999	2	4.000000
782	999999999	2	4.000000
783	999999999	1	0.500000
784	999999999	2	8.000000
785	999999999	2	4.000000
786	999999999	2	4.000000
787	999999999	1	1.000000
788	999999999	8	32.000000
789	999999999	1	1.000000
790	999999999	1	0.500000
791	999999999	4	16.000000
792	999999999	1	2.000000
793	999999999	1	2.000000
794	999999999	1	1.000000
795	999999999	8	32.000000
796	999999999	2	8.000000
797	999999999	1	0.500000
798	999999999	2	4.000000
799	999999999	1	2.000000
800	999999999	1	2.000000
801	999999999	1	2.000000
802	999999999	1	2.000000
803	999999999	2	8.000000
804	999999999	1	2.000000
805	999999999	1	0.500000
806	999999999	1	2.000000
807	999999999	4	16.000000
808	999999999	2	8.000000
809	999999999	1	0.500000
810	999999999	1	0.500000
811	999999999	1	0.500000
812	999999999	8	32.000000
813	999999999	8	32.000000
814	999999999	1	2.000000
815	999999999	1	2.000000
816	999999999	1	0.500000
817	999999999	4	16.000000
818	999999999	1	1.000000
819	999999999	1	1.000000
820	999999999	4	16.000000
821	999999999	1	2.000000
822	999999999	1	0.500000
823	999999999	2	8.000000
824	999999999	1	1.000000
825	999999999	2	4.000000
826	999999999	4	16.000000
827	999999999	8	32.000000
828	999999999	1	1.000000
829	999999999	4	16.000000
830	999999999	2	4.000000
831	999999999	8	32.000000
832	999999999	2	8.000000
833	999999999	1	1.000000
834	999999999	2	8.000000
835	999999999	4	16.000000
836	999999999	1	2.000000
837	999999999	1	1.000000
838	999999999	1	2.000000
839	999999999	2	4.000000
840	999999999	8	32.000000
841	999999999	2	4.000000
842	999999999	1	0.500000
843	999999999	8	32.000000
844	999999999	2	8.000000
845	999999999	2	8.000000
846	999999999	1	0.500000
847	999999999	1	2.000000
848	999999999	1	2.000000
849	999999999	1	0.500000
850	999999999	1	1.000000
851	999999999	1	1.000000
852	999999999	1	0.500000
853	999999999	2	4.000000
854	999999999	1	0.500000
855	999999999	4	16.000000
856	999999999	8	32.000000
857	999999999	1	2.000000
858	999999999	1	2.000000
859	999999999	1	0.500000
860	999999999	1	1.000000
861	999999999	4	16.000000
862	999999999	2	4.000000
863	999999999	2	4.000000
864	999999999	1	0.500000
865	999999999	2	4.000000
866	999999999	2	8.000000
867	999999999	4	16.000000
868	999999999	1	0.500000
869	999999999	1	2.000000
870	999999999	4	16.000000
871	999999999	1	2.000000
872	999999999	4	16.000000
873	999999999	1	0.500000
874	999999999	8	32.000000
875	999999999	1	2.000000
876	999999999	2	4.000000
877	999999999	8	32.000000
878	999999999	2	4.000000
879	999999999	2	8.000000
880	999999999	2	4.000000
881	999999999	1	2.000000
882	999999999	1	0.500000
883	999999999	2	4.000000
884	999999999	8	32.000000
885	999999999	2	4.000000
886	999999999	2	4.000000
887	999999999	1	2.000000
888	999999999	1	0.500000
889	999999999	1	1.000000
890	999999999	1	2.000000
891	999999999	2	4.000000
892	999999999	2	8.000000
893	999999999	1	2.000000
894	999999999	2	4.000000
895	999999999	2	8.000000
896	999999999	4	16.000000
897	999999999	1	0.500000
898	999999999	2	8.000000
899	999999999	1	2.000000
900	999999999	2	4.000000
901	999999999	1	2.000000
902	999999999	4	16.000000
903	999999999	2	4.000000
904	999999999	4	16.000000
905	999999999	2	8.000000
906	999999999	1	0.500000
907	999999999	1	1.000000
908	999999999	2	4.000000
909	999999999	2	4.000000
910	999999999	2	4.000000
911	999999999	4	16.000000
912	999999999	2	4.000000
913	999999999	2	8.000000
914	999999999	1	0.500000
915	999999999	1	0.500000
916	999999999	1	0.500000
917	999999999	4	16.000000
918	999999999	8	32.000000
919	999999999	4	16.000000
920	999999999	1	2.000000
921	999999999	8	32.000000
922	999999999	2	8.000000
923	999999999	8	32.000000
924	999999999	2	4.000000
925	999999999	8	32.000000
926	999999999	4	16.000000
927	999999999	8	32.000000
928	999999999	1	0.500000
929	999999999	1	1.000000
930	999999999	1	2.000000
931	999999999	1	1.000000
932	999999999	2	8.000000
933	999999999	8	32.000000
934	999999999	1	2.000000
935	999999999	1	2.000000
936	999999999	4	16.000000
937	999999999	2	4.000000
938	999999999	8	32.000000
939	999999999	2	4.000000
940	999999999	1	1.000000
941	999999999	1	0.500000
942	999999999	4	16.000000
943	999999999	1	1.000000
944	999999999	1	0.500000
945	999999999	2	4.000000
946	999999999	8	32.000000
947	999999999	4	16.000000
948	999999999	4	16.000000
949	999999999	1	2.000000
950	999999999	1	0.500000
951	999999999	1	0.500000
952	999999999	4	16.000000
953	999999999	1	0.500000
954	999999999	1	0.500000
955	999999999	4	16.000000
956	999999999	1	2.000000
957	999999999	8	32.000000
958	999999999	1	0.500000
959	999999999	2	8.000000
960	999999999	1	2.000000
961	999999999	1	2.000000
962	999999999	4	16.000000
963	999999999	4	16.000000
964	999999999	2	8.000000
965	999999999	2	4.000000
966	999999999	2	4.000000
967	999999999	2	4.000000
968	999999999	8	32.000000
969	999999999	2	8.000000
970	999999999	2	4.000000
971	999999999	1	0.500000
972	999999999	2	8.000000
973	999999999	1	1.000000
974	999999999	4	16.000000
975	999999999	1	2.000000
976	999999999	1	1.000000
977	999999999	1	2.000000
978	999999999	8	32.000000
979	999999999	1	2.000000
980	999999999	8	32.000000
981	999999999	1	0.500000
982	999999999	1	1.000000
983	999999999	2	8.000000
984	999999999	4	16.000000
985	999999999	1	1.000000
986	999999999	1	1.000000
987	999999999	1	0.500000
988	999999999	2	8.000000
989	999999999	2	4.000000
990	999999999	2	4.000000
991	999999999	2	8.000000
992	999999999	1	2.000000
993	999999999	1	2.000000
994	999999999	4	16.000000
995	999999999	2	8.000000
996	999999999	4	16.000000
997	999999999	1	2.000000
998	999999999	1	2.000000
999	999999999	4	16.000000
1000	999999999	4	16.000000
1001	999999999	1	0.500000
1002	999999999	1	2.000000
1003	999999999	2	4.000000
1004	999999999	1	1.000000
1005	999999999	1	0.500000
1006	999999999	8	32.000000
1007	999999999	2	8.000000
1008	999999999	1	2.000000
1009	999999999	8	32.000000
1010	999999999	1	2.000000
1011	999999999	2	8.000000
1012	999999999	4	16.000000
1013	999999999	1	0.500000
1014	999999999	2	8.000000
1015	999999999	1	0.500000
1016	999999999	1	0.500000
1017	999999999	1	0.500000
1018	999999999	2	8.000000
1019	999999999	2	8.000000
1020	999999999	4	16.000000
1021	999999999	8	32.000000
1022	999999999	2	8.000000
1023	999999999	1	1.000000
1024	999999999	8	32.000000
1025	999999999	4	16.000000
1026	999999999	4	16.000000
1027	999999999	2	4.000000
1028	999999999	4	16.000000
1029	999999999	4	16.000000
1030	999999999	2	4.000000
1031	999999999	1	1.000000
1032	999999999	1	0.500000
1033	999999999	8	32.000000
1034	999999999	2	4.000000
1035	999999999	2	8.000000
1036	999999999	1	0.500000
1037	999999999	8	32.000000
1038	999999999	2	8.000000
1039	999999999	1	0.500000
1040	999999999	4	16.000000
1041	999999999	2	8.000000
1042	999999999	1	0.500000
1043	999999999	2	8.000000
1044	999999999	1	2.000000
1045	999999999	1	0.500000
1046	999999999	1	2.000000
1047	999999999	4	16.000000
1048	999999999	2	8.000000
1049	999999999	2	8.000000
1050	999999999	1	0.500000
1051	999999999	1	2.000000
1052	999999999	8	32.000000
1053	999999999	4	16.000000
1054	999999999	2	4.000000
1055	999999999	2	8.000000
1056	999999999	1	2.000000
1057	999999999	1	2.000000
1058	999999999	1	1.000000
1059	999999999	8	32.000000
1060	999999999	2	4.000000
1061	999999999	1	2.000000
1062	999999999	1	1.000000
1063	999999999	1	1.000000
1064	999999999	2	4.000000
1065	999999999	2	8.000000
1066	999999999	1	1.000000
1067	999999999	1	0.500000
1068	999999999	8	32.000000
1069	999999999	8	32.000000
1070	999999999	2	8.000000
1071	999999999	2	4.000000
1072	999999999	8	32.000000
1073	999999999	8	32.000000
1074	999999999	2	4.000000
1075	999999999	4	16.000000
1076	999999999	1	2.000000
1077	999999999	2	4.000000
1078	999999999	8	32.000000
1079	999999999	2	4.000000
1080	999999999	4	16.000000
1081	999999999	2	8.000000
1082	999999999	1	0.500000
1083	999999999	4	16.000000
1084	999999999	1	0.500000
1085	999999999	1	0.500000
1086	999999999	4	16.000000
1087	999999999	8	32.000000
1088	999999999	8	32.000000
1089	999999999	8	32.000000
1090	999999999	1	2.000000
1091	999999999	1	1.000000
1092	999999999	2	8.000000
1093	999999999	2	8.000000
1094	999999999	2	4.000000
1095	999999999	1	0.500000
1096	999999999	2	4.000000
1097	999999999	2	8.000000
1098	999999999	2	4.000000
1099	999999999	1	0.500000
1100	999999999	1	1.000000
1101	999999999	8	32.000000
1102	999999999	1	2.000000
1103	999999999	2	4.000000
1104	999999999	2	8.000000
1105	999999999	2	4.000000
1106	999999999	2	4.000000
1107	999999999	2	8.000000
1108	999999999	1	1.000000
1109	999999999	1	0.500000
1110	999999999	1	1.000000
1111	999999999	2	8.000000
1112	999999999	1	0.500000
1113	999999999	1	2.000000
1114	999999999	2	4.000000
1115	999999999	2	4.000000
1116	999999999	2	8.000000
1117	999999999	1	0.500000
1118	999999999	2	4.000000
1119	999999999	1	2.000000
1120	999999999	2	8.000000
1121	999999999	2	4.000000
1122	999999999	1	1.000000
1123	999999999	2	4.000000
1124	999999999	2	4.000000
1125	999999999	1	2.000000
1126	999999999	1	0.500000
1127	999999999	2	8.000000
1128	999999999	2	4.000000
1129	999999999	1	1.000000
1130	999999999	1	0.500000
1131	999999999	2	4.000000
1132	999999999	2	4.000000
1133	999999999	4	16.000000
1134	999999999	2	4.000000
1135	999999999	1	1.000000
1136	999999999	4	16.000000
1137	999999999	2	8.000000
1138	999999999	4	16.000000
1139	999999999	1	2.000000
1140	999999999	2	4.000000
1141	999999999	1	2.000000
1142	999999999	8	32.000000
1143	999999999	2	4.000000
1144	999999999	1	0.500000
1145	999999999	8	32.000000
1146	999999999	1	2.000000
1147	999999999	2	4.000000
1148	999999999	1	1.000000
1149	999999999	1	1.000000
1150	999999999	4	16.000000
1151	999999999	1	2.000000
1152	999999999	2	4.000000
1153	999999999	1	1.000000
1154	999999999	4	16.000000
1155	999999999	1	0.500000
1156	999999999	8	32.000000
1157	999999999	2	4.000000
1158	999999999	1	1.000000
1159	999999999	8	32.000000
1160	999999999	1	0.500000
1161	999999999	2	8.000000
1162	999999999	8	32.000000
1163	999999999	8	32.000000
1164	999999999	4	16.000000
1165	999999999	4	16.000000
1166	999999999	2	8.000000
1167	999999999	2	4.000000
1168	999999999	4	16.000000
1169	999999999	1	0.500000
1170	999999999	1	1.000000
1171	999999999	1	1.000000
1172	999999999	1	1.000000
1173	999999999	4	16.000000
1174	999999999	8	32.000000
1175	999999999	1	0.500000
1176	999999999	4	16.000000
1177	999999999	2	8.000000
1178	999999999	1	1.000000
1179	999999999	2	8.000000
1180	999999999	2	4.000000
1181	999999999	1	0.500000
1182	999999999	8	32.000000
1183	999999999	1	0.500000
1184	999999999	2	8.000000
1185	999999999	1	2.000000
1186	999999999	1	2.000000
1187	999999999	2	4.000000
1188	999999999	2	8.000000
1189	999999999	1	0.500000
1190	999999999	2	8.000000
1191	999999999	8	32.000000
1192	999999999	1	0.500000
1193	999999999	2	8.000000
1194	999999999	1	2.000000
1195	999999999	8	32.000000
1196	999999999	1	0.500000
1197	999999999	2	8.000000
1198	999999999	2	8.000000
1199	999999999	2	4.000000
1200	999999999	2	4.000000
1201	999999999	1	0.500000
1202	999999999	1	0.500000
1203	999999999	1	0.500000
1204	999999999	4	16.000000
1205	999999999	1	2.000000
1206	999999999	4	16.000000
1207	999999999	2	4.000000
1208	999999999	1	0.500000
1209	999999999	4	16.000000
1210	999999999	1	0.500000
1211	999999999	1	0.500000
1212	999999999	2	8.000000
1213	999999999	2	8.000000
1214	999999999	1	1.000000
1215	999999999	1	0.500000
1216	999999999	1	0.500000
1217	999999999	8	32.000000
1218	999999999	8	32.000000
1219	999999999	1	2.000000
1220	999999999	2	8.000000
1221	999999999	8	32.000000
1222	999999999	4	16.000000
1223	999999999	1	1.000000
1224	999999999	1	2.000000
1225	999999999	1	1.000000
1226	999999999	4	16.000000
1227	999999999	1	0.500000
1228	999999999	8	32.000000
1229	999999999	8	32.000000
1230	999999999	1	2.000000
1231	999999999	2	8.000000
1232	999999999	8	32.000000
1233	999999999	2	4.000000
1234	999999999	8	32.000000
1235	999999999	1	0.500000
1236	999999999	1	0.500000
1237	999999999	1	0.500000
1238	999999999	8	32.000000
1239	999999999	8	32.000000
1240	999999999	2	8.000000
1241	999999999	1	2.000000
1242	999999999	1	2.000000
1243	999999999	4	16.000000
1244	999999999	1	0.500000
1245	999999999	1	2.000000
1246	999999999	1	1.000000
1247	999999999	2	8.000000
1248	999999999	2	4.000000
1249	999999999	8	32.000000
1250	999999999	4	16.000000
1251	999999999	4	16.000000
1252	999999999	8	32.000000
1253	999999999	1	1.000000
1254	999999999	1	1.000000
1255	999999999	1	1.000000
1256	999999999	2	4.000000
1257	999999999	1	1.000000
1258	999999999	2	4.000000
1259	999999999	1	2.000000
1260	999999999	1	0.500000
1261	999999999	1	2.000000
1262	999999999	8	32.000000
1263	999999999	1	2.000000
1264	999999999	2	4.000000
1265	999999999	2	8.000000
1266	999999999	1	1.000000
1267	999999999	1	1.000000
1268	999999999	2	4.000000
1269	999999999	4	16.000000
1270	999999999	2	8.000000
1271	999999999	2	8.000000
1272	999999999	2	4.000000
1273	999999999	8	32.000000
1274	999999999	1	2.000000
1275	999999999	1	2.000000
1276	999999999	2	8.000000
1277	999999999	1	2.000000
1278	999999999	1	2.000000
1279	999999999	1	1.000000
1280	999999999	8	32.000000
1281	999999999	1	2.000000
1282	999999999	2	8.000000
1283	999999999	1	0.500000
1284	999999999	2	8.000000
1285	999999999	1	2.000000
1286	999999999	2	4.000000
1287	999999999	8	32.000000
1288	999999999	1	1.000000
1289	999999999	1	1.000000
1290	999999999	4	16.000000
1291	999999999	1	2.000000
1292	999999999	1	2.000000
1293	999999999	4	16.000000
1294	999999999	2	8.000000
1295	999999999	2	8.000000
1296	999999999	1	2.000000
1297	999999999	1	1.000000
1298	999999999	4	16.000000
1299	999999999	4	16.000000
1300	999999999	4	16.000000
1301	999999999	8	32.000000
1302	999999999	4	16.000000
1303	999999999	1	1.000000
1304	999999999	1	0.500000
1305	999999999	1	2.000000
1306	999999999	4	16.000000
1307	999999999	1	0.500000
1308	999999999	1	2.000000
1309	999999999	1	2.000000
1310	999999999	1	2.000000
1311	999999999	8	32.000000
1312	999999999	2	8.000000
1313	999999999	1	2.000000
1314	999999999	2	4.000000
1315	999999999	2	8.000000
1316	999999999	1	2.000000
1317	999999999	1	0.500000
1318	999999999	8	32.000000
1319	999999999	8	32.000000
1320	999999999	2	4.000000
1321	999999999	4	16.000000
1322	999999999	1	2.000000
1323	999999999	1	0.500000
1324	999999999	4	16.000000
1325	999999999	1	2.000000
1326	999999999	8	32.000000
1327	999999999	4	16.000000
1328	999999999	8	32.000000
1329	999999999	4	16.000000
1330	999999999	1	0.500000
1331	999999999	1	1.000000
1332	999999999	4	16.000000
1333	999999999	1	0.500000
1334	999999999	1	1.000000
1335	999999999	4	16.000000
1336	999999999	2	8.000000
1337	999999999	2	8.000000
1338	999999999	1	1.000000
1339	999999999	1	1.000000
1340	999999999	4	16.000000
1341	999999999	2	4.000000
1342	999999999	1	0.500000
1343	999999999	2	4.000000
1344	999999999	1	2.000000
1345	999999999	1	2.000000
1346	999999999	1	0.500000
1347	999999999	1	2.000000
1348	999999999	1	2.000000
1349	999999999	4	16.000000
1350	999999999	1	0.500000
1351	999999999	1	1.000000
1352	999999999	4	16.000000
1353	999999999	2	8.000000
1354	999999999	2	8.000000
1355	999999999	2	4.000000
1356	999999999	2	8.000000
1357	999999999	8	32.000000
1358	999999999	8	32.000000
1359	999999999	2	8.000000
1360	999999999	8	32.000000
1361	999999999	4	16.000000
1362	999999999	8	32.000000
1363	999999999	8	32.000000
1364	999999999	4	16.000000
1365	999999999	2	4.000000
1366	999999999	2	4.000000
1367	999999999	2	8.000000
1368	999999999	4	16.000000
1369	999999999	2	8.000000
1370	999999999	2	4.000000
1371	999999999	2	4.000000
1372	999999999	2	4.000000
1373	999999999	1	1.000000
1374	999999999	1	1.000000
1375	999999999	1	1.000000
1376	999999999	1	0.500000
1377	999999999	4	16.000000
1378	999999999	8	32.000000
1379	999999999	2	4.000000
1380	999999999	2	8.000000
1381	999999999	2	8.000000
1382	999999999	2	4.000000
1383	999999999	1	2.000000
1384	999999999	2	8.000000
1385	999999999	1	2.000000
1386	999999999	8	32.000000
1387	999999999	2	8.000000
1388	999999999	1	2.000000
1389	999999999	1	2.000000
1390	999999999	2	8.000000
1391	999999999	1	2.000000
1392	999999999	4	16.000000
1393	999999999	1	2.000000
1394	999999999	4	16.000000
1395	999999999	1	1.000000
1396	999999999	1	0.500000
1397	999999999	1	0.500000
1398	999999999	1	1.000000
1399	999999999	8	32.000000
1400	999999999	2	8.000000
1401	999999999	2	8.000000
1402	999999999	1	2.000000
1403	999999999	2	4.000000
1404	999999999	8	32.000000
1405	999999999	2	4.000000
1406	999999999	1	1.000000
1407	999999999	1	0.500000
1408	999999999	1	1.000000
1409	999999999	1	2.000000
1410	999999999	1	2.000000
1411	999999999	4	16.000000
1412	999999999	8	32.000000
1413	999999999	1	1.000000
1414	999999999	1	2.000000
1415	999999999	2	4.000000
1416	999999999	1	2.000000
1417	999999999	1	2.000000
1418	999999999	2	4.000000
1419	999999999	8	32.000000
1420	999999999	2	4.000000
1421	999999999	8	32.000000
1422	999999999	4	16.000000
1423	999999999	1	1.000000
1424	999999999	2	8.000000
1425	999999999	4	16.000000
1426	999999999	1	0.500000
1427	999999999	1	1.000000
1428	999999999	2	8.000000
1429	999999999	1	2.000000
1430	999999999	8	32.000000
1431	999999999	8	32.000000
1432	999999999	2	4.000000
1433	999999999	2	8.000000
1434	999999999	8	32.000000
1435	999999999	1	0.500000
1436	999999999	4	16.000000
1437	999999999	1	0.500000
1438	999999999	2	4.000000
1439	999999999	1	1.000000
1440	999999999	8	32.000000
1441	999999999	1	0.500000
1442	999999999	8	32.000000
1443	999999999	1	1.000000
1444	999999999	2	8.000000
1445	999999999	2	8.000000
1446	999999999	4	16.000000
1447	999999999	1	0.500000
1448	999999999	4	16.000000
1449	999999999	1	2.000000
1450	999999999	2	8.000000
1451	999999999	1	2.000000
1452	999999999	2	4.000000
1453	999999999	1	0.500000
1454	999999999	2	8.000000
1455	999999999	1	1.000000
1456	999999999	8	32.000000
1457	999999999	8	32.000000
1458	999999999	1	2.000000
1459	999999999	1	0.500000
1460	999999999	1	0.500000
1461	999999999	1	1.000000
1462	999999999	8	32.000000
1463	999999999	8	32.000000
1464	999999999	2	8.000000
1465	999999999	8	32.000000
1466	999999999	1	2.000000
1467	999999999	1	1.000000
1468	999999999	1	1.000000
1469	999999999	1	1.000000
1470	999999999	8	32.000000
1471	999999999	2	4.000000
1472	999999999	1	2.000000
1473	999999999	1	1.000000
1474	999999999	1	2.000000
1475	999999999	2	8.000000
1476	999999999	2	8.000000
1477	999999999	8	32.000000
1478	999999999	1	0.500000
1479	999999999	1	2.000000
1480	999999999	8	32.000000
1481	999999999	8	32.000000
1482	999999999	2	4.000000
1483	999999999	4	16.000000
1484	999999999	1	1.000000
1485	999999999	2	8.000000
1486	999999999	2	8.000000
1487	999999999	1	0.500000
1488	999999999	4	16.000000
1489	999999999	2	8.000000
1490	999999999	4	16.000000
1491	999999999	8	32.000000
1492	999999999	1	1.000000
1493	999999999	1	1.000000
1494	999999999	8	32.000000
1495	999999999	4	16.000000
1496	999999999	2	4.000000
1497	999999999	2	8.000000
1498	999999999	4	16.000000
1499	999999999	2	4.000000
1500	999999999	8	32.000000
1501	999999999	1	2.000000
1502	999999999	2	8.000000
1503	999999999	4	16.000000
1504	999999999	1	1.000000
1505	999999999	1	0.500000
1506	999999999	2	4.000000
1507	999999999	2	8.000000
1508	999999999	2	4.000000
1509	999999999	8	32.000000
1510	999999999	2	8.000000
1511	999999999	4	16.000000
1512	999999999	2	4.000000
1513	999999999	2	8.000000
1514	999999999	1	1.000000
1515	999999999	2	4.000000
1516	999999999	2	4.000000
1517	999999999	2	4.000000
1518	999999999	1	1.000000
1519	999999999	2	8.000000
1520	999999999	1	2.000000
1521	999999999	1	2.000000
1522	999999999	4	16.000000
1523	999999999	8	32.000000
1524	999999999	1	0.500000
1525	999999999	2	4.000000
1526	999999999	1	1.000000
1527	999999999	1	0.500000
1528	999999999	1	1.000000
1529	999999999	8	32.000000
1530	999999999	1	1.000000
1531	999999999	1	1.000000
1532	999999999	2	8.000000
1533	999999999	8	32.000000
1534	999999999	4	16.000000
1535	999999999	1	0.500000
1536	999999999	4	16.000000
1537	999999999	2	8.000000
1538	999999999	8	32.000000
1539	999999999	2	4.000000
1540	999999999	4	16.000000
1541	999999999	8	32.000000
1542	999999999	2	4.000000
1543	999999999	1	0.500000
1544	999999999	1	0.500000
1545	999999999	1	2.000000
1546	999999999	2	4.000000
1547	999999999	1	2.000000
1548	999999999	2	4.000000
1549	999999999	2	8.000000
1550	999999999	2	4.000000
1551	999999999	2	4.000000
1552	999999999	4	16.000000
1553	999999999	8	32.000000
1554	999999999	1	2.000000
1555	999999999	2	4.000000
1556	999999999	2	4.000000
1557	999999999	2	4.000000
1558	999999999	1	2.000000
1559	999999999	8	32.000000
1560	999999999	2	8.000000
1561	999999999	1	2.000000
1562	999999999	1	1.000000
1563	999999999	1	2.000000
1564	999999999	1	2.000000
1565	999999999	2	4.000000
1566	999999999	2	8.000000
1567	999999999	4	16.000000
1568	999999999	1	2.000000
1569	999999999	1	1.000000
1570	999999999	1	1.000000
1571	999999999	1	1.000000
1572	999999999	1	2.000000
1573	999999999	2	4.000000
1574	999999999	8	32.000000
1575	999999999	2	8.000000
1576	999999999	1	2.000000
1577	999999999	8	32.000000
1578	999999999	4	16.000000
1579	999999999	4	16.000000
1580	999999999	8	32.000000
1581	999999999	4	16.000000
1582	999999999	1	0.500000
1583	999999999	4	16.000000
1584	999999999	2	4.000000
1585	999999999	1	2.000000
1586	999999999	1	1.000000
1587	999999999	1	2.000000
1588	999999999	2	8.000000
1589	999999999	1	1.000000
1590	999999999	1	1.000000
1591	999999999	8	32.000000
1592	999999999	1	2.000000
1593	999999999	2	4.000000
1594	999999999	1	2.000000
1595	999999999	1	0.500000
1596	999999999	4	16.000000
1597	999999999	4	16.000000
1598	999999999	2	8.000000
1599	999999999	2	4.000000
1600	999999999	8	32.000000
1601	999999999	1	1.000000
1602	999999999	1	0.500000
1603	999999999	4	16.000000
1604	999999999	8	32.000000
1605	999999999	8	32.000000
1606	999999999	1	0.500000
1607	999999999	1	1.000000
1608	999999999	2	4.000000
1609	999999999	2	4.000000
1610	999999999	8	32.000000
1611	999999999	1	0.500000
1612	999999999	4	16.000000
1613	999999999	1	0.500000
1614	999999999	1	2.000000
1615	999999999	8	32.000000
1616	999999999	4	16.000000
1617	999999999	8	32.000000
1618	999999999	2	8.000000
1619	999999999	1	0.500000
1620	999999999	1	1.000000
1621	999999999	4	16.000000
1622	999999999	1	1.000000
1623	999999999	2	4.000000
1624	999999999	1	1.000000
1625	999999999	4	16.000000
1626	999999999	4	16.000000
1627	999999999	2	8.000000
1628	999999999	2	4.000000
1629	999999999	8	32.000000
1630	999999999	1	0.500000
1631	999999999	1	0.500000
1632	999999999	8	32.000000
1633	999999999	1	2.000000
1634	999999999	1	1.000000
1635	999999999	1	2.000000
1636	999999999	1	2.000000
1637	999999999	1	2.000000
1638	999999999	1	1.000000
1639	999999999	1	0.500000
1640	999999999	1	2.000000
1641	999999999	2	8.000000
1642	999999999	1	0.500000
1643	999999999	4	16.000000
1644	999999999	1	0.500000
1645	999999999	1	2.000000
1646	999999999	1	0.500000
1647	999999999	2	8.000000
1648	999999999	8	32.000000
1649	999999999	1	1.000000
1650	999999999	1	0.500000
1651	999999999	4	16.000000
1652	999999999	2	4.000000
1653	999999999	2	4.000000
1654	999999999	1	1.000000
1655	999999999	1	0.500000
1656	999999999	8	32.000000
1657	999999999	2	4.000000
1658	999999999	2	8.000000
1659	999999999	4	16.000000
1660	999999999	1	0.500000
1661	999999999	2	4.000000
1662	999999999	1	2.000000
1663	999999999	1	0.500000
1664	999999999	2	8.000000
1665	999999999	2	4.000000
1666	999999999	4	16.000000
1667	999999999	2	4.000000
1668	999999999	1	1.000000
1669	999999999	1	0.500000
1670	999999999	1	2.000000
1671	999999999	1	1.000000
1672	999999999	2	8.000000
1673	999999999	4	16.000000
1674	999999999	1	0.500000
1675	999999999	1	0.500000
1676	999999999	2	4.000000
1677	999999999	2	4.000000
1678	999999999	2	4.000000
1679	999999999	8	32.000000
1680	999999999	1	1.000000
1681	999999999	8	32.000000
1682	999999999	2	4.000000
1683	999999999	1	0.500000
1684	999999999	1	1.000000
1685	999999999	1	1.000000
1686	999999999	8	32.000000
1687	999999999	8	32.000000
1688	999999999	8	32.000000
1689	999999999	8	32.000000
1690	999999999	4	16.000000
1691	999999999	4	16.000000
1692	999999999	1	1.000000
1693	999999999	2	8.000000
1694	999999999	8	32.000000
1695	999999999	1	2.000000
1696	999999999	1	0.500000
1697	999999999	8	32.000000
1698	999999999	8	32.000000
1699	999999999	4	16.000000
1700	999999999	1	1.000000
1701	999999999	2	4.000000
1702	999999999	2	4.000000
1703	999999999	4	16.000000
1704	999999999	2	8.000000
1705	999999999	1	0.500000
1706	999999999	1	1.000000
1707	999999999	1	2.000000
1708	999999999	1	1.000000
1709	999999999	1	0.500000
1710	999999999	1	1.000000
1711	999999999	2	4.000000
1712	999999999	8	32.000000
1713	999999999	1	2.000000
1714	999999999	2	8.000000
1715	999999999	1	1.000000
1716	999999999	2	8.000000
1717	999999999	4	16.000000
1718	999999999	2	8.000000
1719	999999999	1	2.000000
1720	999999999	1	1.000000
1721	999999999	8	32.000000
1722	999999999	2	8.000000
1723	999999999	4	16.000000
1724	999999999	8	32.000000
1725	999999999	1	0.500000
1726	999999999	2	4.000000
1727	999999999	1	2.000000
1728	999999999	8	32.000000
1729	999999999	2	8.000000
1730	999999999	4	16.000000
1731	999999999	1	0.500000
1732	999999999	1	0.500000
1733	999999999	1	2.000000
1734	999999999	2	4.000000
1735	999999999	4	16.000000
1736	999999999	1	0.500000
1737	999999999	2	4.000000
1738	999999999	8	32.000000
1739	999999999	1	0.500000
1740	999999999	8	32.000000
1741	999999999	2	8.000000
1742	999999999	4	16.000000
1743	999999999	1	2.000000
1744	999999999	8	32.000000
1745	999999999	4	16.000000
1746	999999999	8	32.000000
1747	999999999	8	32.000000
1748	999999999	8	32.000000
1749	999999999	4	16.000000
1750	999999999	1	1.000000
1751	999999999	1	1.000000
1752	999999999	2	4.000000
1753	999999999	8	32.000000
1754	999999999	1	1.000000
1755	999999999	8	32.000000
1756	999999999	1	0.500000
1757	999999999	8	32.000000
1758	999999999	8	32.000000
1759	999999999	4	16.000000
1760	999999999	2	8.000000
1761	999999999	1	0.500000
1762	999999999	2	4.000000
1763	999999999	2	8.000000
1764	999999999	8	32.000000
1765	999999999	2	8.000000
1766	999999999	4	16.000000
1767	999999999	1	2.000000
1768	999999999	2	4.000000
1769	999999999	1	2.000000
1770	999999999	4	16.000000
1771	999999999	1	2.000000
1772	999999999	1	0.500000
1773	999999999	2	8.000000
1774	999999999	2	4.000000
1775	999999999	4	16.000000
1776	999999999	1	1.000000
1777	999999999	2	8.000000
1778	999999999	4	16.000000
1779	999999999	1	1.000000
1780	999999999	2	4.000000
1781	999999999	2	8.000000
1782	999999999	1	0.500000
1783	999999999	2	8.000000
1784	999999999	4	16.000000
1785	999999999	2	4.000000
1786	999999999	1	2.000000
1787	999999999	2	4.000000
1788	999999999	2	8.000000
1789	999999999	2	4.000000
1790	999999999	2	4.000000
1791	999999999	1	2.000000
1792	999999999	2	4.000000
1793	999999999	1	0.500000
1794	999999999	4	16.000000
1795	999999999	1	1.000000
1796	999999999	1	0.500000
1797	999999999	1	2.000000
1798	999999999	1	1.000000
1799	999999999	4	16.000000
1800	999999999	4	16.000000
1801	999999999	1	1.000000
1802	999999999	2	4.000000
1803	999999999	8	32.000000
1804	999999999	1	2.000000
1805	999999999	1	0.500000
1806	999999999	4	16.000000
1807	999999999	2	4.000000
1808	999999999	1	0.500000
1809	999999999	1	0.500000
1810	999999999	1	2.000000
1811	999999999	1	0.500000
1812	999999999	1	1.000000
1813	999999999	2	4.000000
1814	999999999	1	0.500000
1815	999999999	1	1.000000
1816	999999999	4	16.000000
1817	999999999	1	2.000000
1818	999999999	8	32.000000
1819	999999999	1	2.000000
1820	999999999	1	1.000000
1821	999999999	1	2.000000
1822	999999999	4	16.000000
1823	999999999	8	32.000000
1824	999999999	1	0.500000
1825	999999999	2	4.000000
1826	999999999	1	0.500000
1827	999999999	2	4.000000
1828	999999999	4	16.000000
1829	999999999	1	1.000000
1830	999999999	1	0.500000
1831	999999999	1	1.000000
1832	999999999	1	1.000000
1833	999999999	1	0.500000
1834	999999999	8	32.000000
1835	999999999	1	2.000000
1836	999999999	2	4.000000
1837	999999999	1	0.500000
1838	999999999	4	16.000000
1839	999999999	1	1.000000
1840	999999999	8	32.000000
1841	999999999	1	1.000000
1842	999999999	1	0.500000
1843	999999999	4	16.000000
1844	999999999	1	1.000000
1845	999999999	1	0.500000
1846	999999999	2	4.000000
1847	999999999	1	2.000000
1848	999999999	1	0.500000
1849	999999999	1	0.500000
1850	999999999	2	4.000000
1851	999999999	4	16.000000
1852	999999999	4	16.000000
1853	999999999	2	4.000000
1854	999999999	2	8.000000
1855	999999999	1	2.000000
1856	999999999	1	2.000000
1857	999999999	1	2.000000
1858	999999999	4	16.000000
1859	999999999	4	16.000000
1860	999999999	1	0.500000
1861	999999999	2	4.000000
1862	999999999	2	8.000000
1863	999999999	8	32.000000
1864	999999999	1	0.500000
1865	999999999	8	32.000000
1866	999999999	1	2.000000
1867	999999999	2	8.000000
1868	999999999	1	1.000000
1869	999999999	1	2.000000
1870	999999999	2	8.000000
1871	999999999	2	8.000000
1872	999999999	1	2.000000
1873	999999999	1	2.000000
1874	999999999	2	8.000000
1875	999999999	4	16.000000
1876	999999999	2	8.000000
1877	999999999	1	2.000000
1878	999999999	2	8.000000
1879	999999999	2	8.000000
1880	999999999	1	0.500000
1881	999999999	4	16.000000
1882	999999999	1	2.000000
1883	999999999	1	2.000000
1884	999999999	1	1.000000
1885	999999999	1	1.000000
1886	999999999	1	2.000000
1887	999999999	2	8.000000
1888	999999999	2	8.000000
1889	999999999	1	1.000000
1890	999999999	2	4.000000
1891	999999999	4	16.000000
1892	999999999	1	2.000000
1893	999999999	1	2.000000
1894	999999999	1	0.500000
1895	999999999	2	4.000000
1896	999999999	4	16.000000
1897	999999999	4	16.000000
1898	999999999	2	8.000000
1899	999999999	8	32.000000
1900	999999999	1	0.500000
1901	999999999	8	32.000000
1902	999999999	2	4.000000
1903	999999999	8	32.000000
1904	999999999	1	2.000000
1905	999999999	2	4.000000
1906	999999999	8	32.000000
1907	999999999	1	0.500000
1908	999999999	2	8.000000
1909	999999999	1	2.000000
1910	999999999	2	4.000000
1911	999999999	1	0.500000
1912	999999999	2	8.000000
1913	999999999	2	4.000000
1914	999999999	2	4.000000
1915	999999999	1	2.000000
1916	999999999	8	32.000000
1917	999999999	8	32.000000
1918	999999999	1	1.000000
1919	999999999	1	0.500000
1920	999999999	8	32.000000
1921	999999999	2	4.000000
1922	999999999	1	0.500000
1923	999999999	1	0.500000
1924	999999999	1	1.000000
1925	999999999	4	16.000000
1926	999999999	2	8.000000
1927	999999999	2	4.000000
1928	999999999	2	8.000000
1929	999999999	4	16.000000
1930	999999999	2	4.000000
1931	999999999	8	32.000000
1932	999999999	2	8.000000
1933	999999999	1	2.000000
1934	999999999	2	8.000000
1935	999999999	8	32.000000
1936	999999999	8	32.000000
1937	999999999	2	8.000000
1938	999999999	1	1.000000
1939	999999999	4	16.000000
1940	999999999	1	1.000000
1941	999999999	8	32.000000
1942	999999999	1	1.000000
1943	999999999	1	2.000000
1944	999999999	4	16.000000
1945	999999999	2	4.000000
1946	999999999	4	16.000000
1947	999999999	2	8.000000
1948	999999999	1	2.000000
1949	999999999	4	16.000000
1950	999999999	8	32.000000
1951	999999999	8	32.000000
1952	999999999	1	2.000000
1953	999999999	2	4.000000
1954	999999999	2	8.000000
1955	999999999	4	16.000000
1956	999999999	1	2.000000
1957	999999999	1	1.000000
1958	999999999	1	1.000000
1959	999999999	1	0.500000
1960	999999999	2	8.000000
1961	999999999	8	32.000000
1962	999999999	1	1.000000
1963	999999999	1	2.000000
1964	999999999	8	32.000000
1965	999999999	1	2.000000
1966	999999999	1	2.000000
1967	999999999	8	32.000000
1968	999999999	8	32.000000
1969	999999999	2	8.000000
1970	999999999	4	16.000000
1971	999999999	1	0.500000
1972	999999999	2	8.000000
1973	999999999	2	8.000000
1974	999999999	4	16.000000
1975	999999999	2	8.000000
1976	999999999	2	8.000000
1977	999999999	1	1.000000
1978	999999999	1	1.000000
1979	999999999	1	1.000000
1980	999999999	4	16.000000
1981	999999999	4	16.000000
1982	999999999	1	1.000000
1983	999999999	2	8.000000
1984	999999999	1	0.500000
1985	999999999	2	8.000000
1986	999999999	8	32.000000
1987	999999999	8	32.000000
1988	999999999	1	1.000000
1989	999999999	8	32.000000
1990	999999999	8	32.000000
1991	999999999	1	2.000000
1992	999999999	2	8.000000
1993	999999999	2	4.000000
1994	999999999	8	32.000000
1995	999999999	2	4.000000
1996	999999999	1	0.500000
1997	999999999	1	2.000000
1998	999999999	4	16.000000
1999	999999999	2	8.000000
2000	999999999	8	32.000000
2001	999999999	8	32.000000
2002	999999999	8	32.000000
2003	999999999	8	32.000000
2004	999999999	1	0.500000
2005	999999999	1	1.000000
2006	999999999	1	2.000000
2007	999999999	8	32.000000
2008	999999999	1	2.000000
2009	999999999	1	2.000000
2010	999999999	4	16.000000
2011	999999999	4	16.000000
2012	999999999	1	1.000000
2013	999999999	1	0.500000
2014	999999999	8	32.000000
2015	999999999	2	8.000000
2016	999999999	1	2.000000
2017	999999999	2	4.000000
2018	999999999	4	16.000000
2019	999999999	2	4.000000
2020	999999999	2	4.000000
2021	999999999	1	0.500000
2022	999999999	1	2.000000
2023	999999999	1	2.000000
2024	999999999	2	8.000000
2025	999999999	4	16.000000
2026	999999999	1	0.500000
2027	999999999	4	16.000000
2028	999999999	8	32.000000
2029	999999999	1	1.000000
2030	999999999	4	16.000000
2031	999999999	4	16.000000
2032	999999999	1	0.500000
2033	999999999	4	16.000000
2034	999999999	1	1.000000
2035	999999999	2	8.000000
2036	999999999	8	32.000000
2037	999999999	2	8.000000
2038	999999999	1	0.500000
2039	999999999	1	2.000000
2040	999999999	2	4.000000
2041	999999999	4	16.000000
2042	999999999	1	2.000000
2043	999999999	2	4.000000
2044	999999999	8	32.000000
2045	999999999	2	8.000000
2046	999999999	8	32.000000
2047	999999999	8	32.000000
2048	999999999	8	32.000000
2049	999999999	8	32.000000
2050	999999999	2	4.000000
2051	999999999	1	1.000000
2052	999999999	1	1.000000
2053	999999999	2	8.000000
2054	999999999	4	16.000000
2055	999999999	1	0.500000
2056	999999999	2	4.000000
2057	999999999	2	8.000000
2058	999999999	8	32.000000
2059	999999999	1	2.000000
2060	999999999	1	1.000000
2061	999999999	2	8.000000
2062	999999999	2	4.000000
2063	999999999	4	16.000000
2064	999999999	2	8.000000
2065	999999999	1	1.000000
2066	999999999	1	2.000000
2067	999999999	1	2.000000
2068	999999999	8	32.000000
2069	999999999	2	8.000000
2070	999999999	1	1.000000
2071	999999999	2	4.000000
2072	999999999	8	32.000000
2073	999999999	1	2.000000
2074	999999999	1	0.500000
2075	999999999	4	16.000000
2076	999999999	1	1.000000
2077	999999999	2	8.000000
2078	999999999	2	4.000000
2079	999999999	2	8.000000
2080	999999999	8	32.000000
2081	999999999	1	1.000000
2082	999999999	4	16.000000
2083	999999999	1	1.000000
2084	999999999	8	32.000000
2085	999999999	2	4.000000
2086	999999999	1	2.000000
2087	999999999	1	1.000000
2088	999999999	8	32.000000
2089	999999999	2	4.000000
2090	999999999	1	1.000000
2091	999999999	1	2.000000
2092	999999999	2	8.000000
2093	999999999	4	16.000000
2094	999999999	2	8.000000
2095	999999999	1	0.500000
2096	999999999	2	8.000000
2097	999999999	8	32.000000
2098	999999999	2	8.000000
2099	999999999	1	0.500000
2100	999999999	2	8.000000
2101	999999999	1	2.000000
2102	999999999	8	32.000000
2103	999999999	8	32.000000
2104	999999999	2	4.000000
2105	999999999	8	32.000000
2106	999999999	2	8.000000
2107	999999999	1	0.500000
2108	999999999	8	32.000000
2109	999999999	4	16.000000
2110	999999999	8	32.000000
2111	999999999	4	16.000000
2112	999999999	1	0.500000
2113	999999999	2	4.000000
2114	999999999	8	32.000000
2115	999999999	8	32.000000
2116	999999999	1	2.000000
2117	999999999	1	1.000000
2118	999999999	4	16.000000
2119	999999999	1	1.000000
2120	999999999	2	4.000000
2121	999999999	1	0.500000
2122	999999999	1	0.500000
2123	999999999	1	0.500000
2124	999999999	1	0.500000
2125	999999999	1	2.000000
2126	999999999	1	2.000000
2127	999999999	4	16.000000
2128	999999999	2	4.000000
2129	999999999	4	16.000000
2130	999999999	8	32.000000
2131	999999999	8	32.000000
2132	999999999	1	2.000000
2133	999999999	8	32.000000
2134	999999999	4	16.000000
2135	999999999	2	8.000000
2136	999999999	2	4.000000
2137	999999999	1	1.000000
2138	999999999	1	1.000000
2139	999999999	4	16.000000
2140	999999999	1	0.500000
2141	999999999	1	0.500000
2142	999999999	1	0.500000
2143	999999999	8	32.000000
2144	999999999	8	32.000000
2145	999999999	1	1.000000
2146	999999999	8	32.000000
2147	999999999	4	16.000000
2148	999999999	2	8.000000
2149	999999999	2	4.000000
2150	999999999	1	1.000000
2151	999999999	1	1.000000
2152	999999999	1	2.000000
2153	999999999	1	0.500000
2154	999999999	2	8.000000
2155	999999999	4	16.000000
2156	999999999	1	2.000000
2157	999999999	1	1.000000
2158	999999999	1	0.500000
2159	999999999	4	16.000000
2160	999999999	1	2.000000
2161	999999999	1	0.500000
2162	999999999	2	8.000000
2163	999999999	4	16.000000
2164	999999999	1	2.000000
2165	999999999	1	0.500000
2166	999999999	8	32.000000
2167	999999999	8	32.000000
2168	999999999	2	8.000000
2169	999999999	1	1.000000
2170	999999999	2	4.000000
2171	999999999	1	1.000000
2172	999999999	4	16.000000
2173	999999999	8	32.000000
2174	999999999	1	1.000000
2175	999999999	1	0.500000
2176	999999999	2	8.000000
2177	999999999	1	1.000000
2178	999999999	1	0.500000
2179	999999999	1	1.000000
2180	999999999	1	1.000000
2181	999999999	8	32.000000
2182	999999999	1	1.000000
2183	999999999	1	1.000000
2184	999999999	2	4.000000
2185	999999999	1	1.000000
2186	999999999	1	1.000000
2187	999999999	8	32.000000
2188	999999999	1	0.500000
2189	999999999	2	4.000000
2190	999999999	8	32.000000
2191	999999999	2	4.000000
2192	999999999	2	8.000000
2193	999999999	1	1.000000
2194	999999999	2	8.000000
2195	999999999	4	16.000000
2196	999999999	4	16.000000
2197	999999999	1	0.500000
2198	999999999	1	0.500000
2199	999999999	4	16.000000
2200	999999999	8	32.000000
2201	999999999	1	2.000000
2202	999999999	2	4.000000
2203	999999999	2	8.000000
2204	999999999	1	2.000000
2205	999999999	4	16.000000
2206	999999999	2	4.000000
2207	999999999	1	2.000000
2208	999999999	1	2.000000
2209	999999999	1	0.500000
2210	999999999	4	16.000000
2211	999999999	4	16.000000
2212	999999999	1	2.000000
2213	999999999	4	16.000000
2214	999999999	1	1.000000
2215	999999999	8	32.000000
2216	999999999	8	32.000000
2217	999999999	2	4.000000
2218	999999999	1	2.000000
2219	999999999	8	32.000000
2220	999999999	4	16.000000
2221	999999999	1	1.000000
2222	999999999	4	16.000000
2223	999999999	2	4.000000
2224	999999999	4	16.000000
2225	999999999	1	0.500000
2226	999999999	4	16.000000
2227	999999999	8	32.000000
2228	999999999	8	32.000000
2229	999999999	4	16.000000
2230	999999999	1	1.000000
2231	999999999	2	8.000000
2232	999999999	1	1.000000
2233	999999999	1	0.500000
2234	999999999	1	2.000000
2235	999999999	1	0.500000
2236	999999999	2	4.000000
2237	999999999	1	1.000000
2238	999999999	8	32.000000
2239	999999999	1	0.500000
2240	999999999	8	32.000000
2241	999999999	2	8.000000
2242	999999999	8	32.000000
2243	999999999	8	32.000000
2244	999999999	2	8.000000
2245	999999999	8	32.000000
2246	999999999	4	16.000000
2247	999999999	1	0.500000
2248	999999999	1	0.500000
2249	999999999	1	1.000000
2250	999999999	1	1.000000
2251	999999999	2	4.000000
2252	999999999	1	0.500000
2253	999999999	2	4.000000
2254	999999999	2	4.000000
2255	999999999	1	2.000000
2256	999999999	2	8.000000
2257	999999999	2	4.000000
2258	999999999	1	2.000000
2259	999999999	1	1.000000
2260	999999999	1	2.000000
2261	999999999	1	1.000000
2262	999999999	2	8.000000
2263	999999999	1	1.000000
2264	999999999	1	2.000000
2265	999999999	1	2.000000
2266	999999999	4	16.000000
2267	999999999	4	16.000000
2268	999999999	4	16.000000
2269	999999999	1	1.000000
2270	999999999	2	4.000000
2271	999999999	2	4.000000
2272	999999999	1	1.000000
2273	999999999	8	32.000000
2274	999999999	2	4.000000
2275	999999999	4	16.000000
2276	999999999	1	2.000000
2277	999999999	8	32.000000
2278	999999999	8	32.000000
2279	999999999	2	8.000000
2280	999999999	8	32.000000
2281	999999999	1	2.000000
2282	999999999	1	2.000000
2283	999999999	2	8.000000
2284	999999999	1	2.000000
2285	999999999	2	8.000000
2286	999999999	1	2.000000
2287	999999999	2	4.000000
2288	999999999	1	2.000000
2289	999999999	1	1.000000
2290	999999999	2	8.000000
2291	999999999	4	16.000000
2292	999999999	8	32.000000
2293	999999999	1	2.000000
2294	999999999	2	8.000000
2295	999999999	1	0.500000
2296	999999999	1	0.500000
2297	999999999	1	2.000000
2298	999999999	1	0.500000
2299	999999999	4	16.000000
2300	999999999	2	4.000000
2301	999999999	1	2.000000
2302	999999999	1	0.500000
2303	999999999	1	1.000000
2304	999999999	2	4.000000
2305	999999999	1	0.500000
2306	999999999	8	32.000000
2307	999999999	1	2.000000
2308	999999999	2	4.000000
2309	999999999	1	1.000000
2310	999999999	1	0.500000
2311	999999999	1	2.000000
2312	999999999	8	32.000000
2313	999999999	1	1.000000
2314	999999999	1	2.000000
2315	999999999	8	32.000000
2316	999999999	8	32.000000
2317	999999999	2	8.000000
2318	999999999	2	4.000000
2319	999999999	1	0.500000
2320	999999999	1	1.000000
2321	999999999	2	8.000000
2322	999999999	1	1.000000
2323	999999999	1	0.500000
2324	999999999	1	0.500000
2325	999999999	1	1.000000
2326	999999999	2	8.000000
2327	999999999	8	32.000000
2328	999999999	2	8.000000
2329	999999999	1	2.000000
2330	999999999	1	2.000000
2331	999999999	1	1.000000
2332	999999999	1	2.000000
2333	999999999	1	2.000000
2334	999999999	2	8.000000
2335	999999999	2	8.000000
2336	999999999	2	8.000000
2337	999999999	2	8.000000
2338	999999999	1	0.500000
2339	999999999	1	0.500000
2340	999999999	1	1.000000
2341	999999999	1	1.000000
2342	999999999	2	8.000000
2343	999999999	1	2.000000
2344	999999999	1	1.000000
2345	999999999	2	8.000000
2346	999999999	2	8.000000
2347	999999999	4	16.000000
2348	999999999	1	1.000000
2349	999999999	8	32.000000
2350	999999999	2	8.000000
2351	999999999	2	8.000000
2352	999999999	1	2.000000
2353	999999999	4	16.000000
2354	999999999	2	4.000000
2355	999999999	8	32.000000
2356	999999999	1	0.500000
2357	999999999	4	16.000000
2358	999999999	2	4.000000
2359	999999999	1	0.500000
2360	999999999	2	4.000000
2361	999999999	1	0.500000
2362	999999999	2	8.000000
2363	999999999	4	16.000000
2364	999999999	4	16.000000
2365	999999999	1	1.000000
2366	999999999	2	4.000000
2367	999999999	1	0.500000
2368	999999999	1	1.000000
2369	999999999	1	1.000000
2370	999999999	1	0.500000
2371	999999999	1	1.000000
2372	999999999	4	16.000000
2373	999999999	1	0.500000
2374	999999999	1	1.000000
2375	999999999	2	8.000000
2376	999999999	1	1.000000
2377	999999999	1	1.000000
2378	999999999	2	8.000000
2379	999999999	1	1.000000
2380	999999999	2	4.000000
2381	999999999	1	1.000000
2382	999999999	1	2.000000
2383	999999999	2	8.000000
2384	999999999	2	4.000000
2385	999999999	1	2.000000
2386	999999999	8	32.000000
2387	999999999	1	2.000000
2388	999999999	2	4.000000
2389	999999999	1	1.000000
2390	999999999	4	16.000000
2391	999999999	2	8.000000
2392	999999999	4	16.000000
2393	999999999	4	16.000000
2394	999999999	1	2.000000
2395	999999999	2	4.000000
2396	999999999	1	0.500000
2397	999999999	1	0.500000
2398	999999999	1	0.500000
2399	999999999	1	2.000000
2400	999999999	8	32.000000
2401	999999999	4	16.000000
2402	999999999	8	32.000000
2403	999999999	1	1.000000
2404	999999999	2	4.000000
2405	999999999	4	16.000000
2406	999999999	8	32.000000
2407	999999999	1	0.500000
2408	999999999	4	16.000000
2409	999999999	1	1.000000
2410	999999999	1	0.500000
2411	999999999	1	2.000000
2412	999999999	8	32.000000
2413	999999999	1	1.000000
2414	999999999	1	0.500000
2415	999999999	2	4.000000
2416	999999999	1	2.000000
2417	999999999	1	0.500000
2418	999999999	1	2.000000
2419	999999999	8	32.000000
2420	999999999	2	8.000000
2421	999999999	4	16.000000
2422	999999999	8	32.000000
2423	999999999	4	16.000000
2424	999999999	8	32.000000
2425	999999999	4	16.000000
2426	999999999	4	16.000000
2427	999999999	1	1.000000
2428	999999999	1	0.500000
2429	999999999	2	4.000000
2430	999999999	1	1.000000
2431	999999999	2	4.000000
2432	999999999	1	0.500000
2433	999999999	4	16.000000
2434	999999999	1	1.000000
2435	999999999	1	0.500000
2436	999999999	2	4.000000
2437	999999999	2	8.000000
2438	999999999	2	4.000000
2439	999999999	1	0.500000
2440	999999999	8	32.000000
2441	999999999	4	16.000000
2442	999999999	1	0.500000
2443	999999999	2	8.000000
2444	999999999	1	0.500000
2445	999999999	2	8.000000
2446	999999999	1	2.000000
2447	999999999	1	1.000000
2448	999999999	1	1.000000
2449	999999999	8	32.000000
2450	999999999	8	32.000000
2451	999999999	2	8.000000
2452	999999999	1	2.000000
2453	999999999	1	2.000000
2454	999999999	1	1.000000
2455	999999999	8	32.000000
2456	999999999	1	1.000000
2457	999999999	2	8.000000
2458	999999999	2	4.000000
2459	999999999	1	1.000000
2460	999999999	8	32.000000
2461	999999999	1	1.000000
2462	999999999	1	1.000000
2463	999999999	4	16.000000
2464	999999999	1	1.000000
2465	999999999	4	16.000000
2466	999999999	1	1.000000
2467	999999999	1	1.000000
2468	999999999	8	32.000000
2469	999999999	2	8.000000
2470	999999999	2	8.000000
2471	999999999	1	0.500000
2472	999999999	1	0.500000
2473	999999999	8	32.000000
2474	999999999	1	2.000000
2475	999999999	2	8.000000
2476	999999999	1	0.500000
2477	999999999	1	0.500000
2478	999999999	8	32.000000
2479	999999999	1	0.500000
2480	999999999	1	0.500000
2481	999999999	2	4.000000
2482	999999999	1	1.000000
2483	999999999	1	0.500000
2484	999999999	8	32.000000
2485	999999999	2	4.000000
2486	999999999	1	1.000000
2487	999999999	1	0.500000
2488	999999999	4	16.000000
2489	999999999	2	4.000000
2490	999999999	1	0.500000
2491	999999999	1	1.000000
2492	999999999	2	8.000000
2493	999999999	1	2.000000
2494	999999999	8	32.000000
2495	999999999	8	32.000000
2496	999999999	4	16.000000
2497	999999999	8	32.000000
2498	999999999	1	0.500000
2499	999999999	2	4.000000
2500	999999999	1	0.500000
2501	999999999	4	16.000000
2502	999999999	1	0.500000
2503	999999999	1	2.000000
2504	999999999	2	4.000000
2505	999999999	8	32.000000
2506	999999999	1	1.000000
2507	999999999	1	2.000000
2508	999999999	2	4.000000
2509	999999999	8	32.000000
2510	999999999	1	0.500000
2511	999999999	8	32.000000
2512	999999999	2	8.000000
2513	999999999	2	4.000000
2514	999999999	1	2.000000
2515	999999999	8	32.000000
2516	999999999	1	2.000000
2517	999999999	2	8.000000
2518	999999999	8	32.000000
2519	999999999	8	32.000000
2520	999999999	8	32.000000
2521	999999999	1	1.000000
2522	999999999	1	2.000000
2523	999999999	1	2.000000
2524	999999999	1	2.000000
2525	999999999	8	32.000000
2526	999999999	1	1.000000
2527	999999999	2	4.000000
2528	999999999	4	16.000000
2529	999999999	1	0.500000
2530	999999999	1	1.000000
2531	999999999	8	32.000000
2532	999999999	2	8.000000
2533	999999999	2	8.000000
2534	999999999	2	8.000000
2535	999999999	4	16.000000
2536	999999999	8	32.000000
2537	999999999	2	8.000000
2538	999999999	2	4.000000
2539	999999999	8	32.000000
2540	999999999	2	8.000000
2541	999999999	2	4.000000
2542	999999999	4	16.000000
2543	999999999	8	32.000000
2544	999999999	1	2.000000
2545	999999999	1	2.000000
2546	999999999	8	32.000000
2547	999999999	2	4.000000
2548	999999999	1	0.500000
2549	999999999	2	8.000000
2550	999999999	1	1.000000
2551	999999999	1	2.000000
2552	999999999	1	1.000000
2553	999999999	4	16.000000
2554	999999999	8	32.000000
2555	999999999	4	16.000000
2556	999999999	1	0.500000
2557	999999999	1	2.000000
2558	999999999	8	32.000000
2559	999999999	2	8.000000
2560	999999999	2	4.000000
2561	999999999	4	16.000000
2562	999999999	8	32.000000
2563	999999999	2	4.000000
2564	999999999	4	16.000000
2565	999999999	8	32.000000
2566	999999999	2	8.000000
2567	999999999	4	16.000000
2568	999999999	2	4.000000
2569	999999999	4	16.000000
2570	999999999	1	0.500000
2571	999999999	8	32.000000
2572	999999999	1	0.500000
2573	999999999	2	4.000000
2574	999999999	1	0.500000
2575	999999999	2	4.000000
2576	999999999	1	1.000000
2577	999999999	8	32.000000
2578	999999999	1	1.000000
2579	999999999	1	2.000000
2580	999999999	4	16.000000
2581	999999999	8	32.000000
2582	999999999	4	16.000000
2583	999999999	2	4.000000
2584	999999999	4	16.000000
2585	999999999	1	0.500000
2586	999999999	2	8.000000
2587	999999999	1	2.000000
2588	999999999	2	8.000000
2589	999999999	1	0.500000
2590	999999999	8	32.000000
2591	999999999	4	16.000000
2592	999999999	8	32.000000
2593	999999999	2	4.000000
2594	999999999	8	32.000000
2595	999999999	4	16.000000
2596	999999999	2	4.000000
2597	999999999	4	16.000000
2598	999999999	1	0.500000
2599	999999999	1	0.500000
2600	999999999	8	32.000000
2601	999999999	1	2.000000
2602	999999999	1	2.000000
2603	999999999	1	0.500000
2604	999999999	1	2.000000
2605	999999999	4	16.000000
2606	999999999	1	1.000000
2607	999999999	2	8.000000
2608	999999999	8	32.000000
2609	999999999	4	16.000000
2610	999999999	8	32.000000
2611	999999999	1	0.500000
2612	999999999	4	16.000000
2613	999999999	2	4.000000
2614	999999999	4	16.000000
2615	999999999	1	2.000000
2616	999999999	2	8.000000
2617	999999999	2	4.000000
2618	999999999	1	0.500000
2619	999999999	4	16.000000
2620	999999999	1	0.500000
2621	999999999	1	2.000000
2622	999999999	2	8.000000
2623	999999999	2	4.000000
2624	999999999	1	2.000000
2625	999999999	1	2.000000
2626	999999999	1	0.500000
2627	999999999	4	16.000000
2628	999999999	2	4.000000
2629	999999999	8	32.000000
2630	999999999	1	1.000000
2631	999999999	1	1.000000
2632	999999999	2	4.000000
2633	999999999	1	2.000000
2634	999999999	8	32.000000
2635	999999999	1	2.000000
2636	999999999	1	0.500000
2637	999999999	2	4.000000
2638	999999999	1	1.000000
2639	999999999	1	1.000000
2640	999999999	2	8.000000
2641	999999999	8	32.000000
2642	999999999	1	1.000000
2643	999999999	2	4.000000
2644	999999999	8	32.000000
2645	999999999	1	0.500000
2646	999999999	1	0.500000
2647	999999999	1	2.000000
2648	999999999	1	2.000000
2649	999999999	4	16.000000
2650	999999999	4	16.000000
2651	999999999	1	1.000000
2652	999999999	1	2.000000
2653	999999999	2	4.000000
2654	999999999	4	16.000000
2655	999999999	2	4.000000
2656	999999999	8	32.000000
2657	999999999	2	8.000000
2658	999999999	4	16.000000
2659	999999999	1	1.000000
2660	999999999	2	8.000000
2661	999999999	1	2.000000
2662	999999999	1	2.000000
2663	999999999	2	4.000000
2664	999999999	8	32.000000
2665	999999999	4	16.000000
2666	999999999	1	1.000000
2667	999999999	2	4.000000
2668	999999999	2	8.000000
2669	999999999	1	0.500000
2670	999999999	1	1.000000
2671	999999999	1	0.500000
2672	999999999	2	8.000000
2673	999999999	8	32.000000
2674	999999999	2	8.000000
2675	999999999	2	4.000000
2676	999999999	8	32.000000
2677	999999999	1	1.000000
2678	999999999	1	2.000000
2679	999999999	4	16.000000
2680	999999999	1	2.000000
2681	999999999	4	16.000000
2682	999999999	2	4.000000
2683	999999999	1	1.000000
2684	999999999	2	4.000000
2685	999999999	1	1.000000
2686	999999999	1	2.000000
2687	999999999	1	1.000000
2688	999999999	1	2.000000
2689	999999999	1	2.000000
2690	999999999	2	4.000000
2691	999999999	8	32.000000
2692	999999999	1	2.000000
2693	999999999	2	8.000000
2694	999999999	1	1.000000
2695	999999999	4	16.000000
2696	999999999	2	4.000000
2697	999999999	4	16.000000
2698	999999999	1	0.500000
2699	999999999	2	8.000000
2700	999999999	8	32.000000
2701	999999999	1	0.500000
2702	999999999	2	8.000000
2703	999999999	2	4.000000
2704	999999999	8	32.000000
2705	999999999	1	0.500000
2706	999999999	8	32.000000
2707	999999999	4	16.000000
2708	999999999	2	8.000000
2709	999999999	2	4.000000
2710	999999999	1	2.000000
2711	999999999	1	1.000000
2712	999999999	1	1.000000
2713	999999999	2	4.000000
2714	999999999	4	16.000000
2715	999999999	1	2.000000
2716	999999999	2	8.000000
2717	999999999	2	4.000000
2718	999999999	2	8.000000
2719	999999999	2	4.000000
2720	999999999	2	8.000000
2721	999999999	1	1.000000
2722	999999999	1	2.000000
2723	999999999	1	1.000000
2724	999999999	1	1.000000
2725	999999999	1	2.000000
2726	999999999	1	1.000000
2727	999999999	1	1.000000
2728	999999999	1	0.500000
2729	999999999	1	1.000000
2730	999999999	8	32.000000
2731	999999999	8	32.000000
2732	999999999	2	4.000000
2733	999999999	1	1.000000
2734	999999999	4	16.000000
2735	999999999	1	0.500000
2736	999999999	4	16.000000
2737	999999999	2	4.000000
2738	999999999	2	8.000000
2739	999999999	2	8.000000
2740	999999999	4	16.000000
2741	999999999	1	0.500000
2742	999999999	2	4.000000
2743	999999999	2	4.000000
2744	999999999	1	1.000000
2745	999999999	4	16.000000
2746	999999999	4	16.000000
2747	999999999	2	4.000000
2748	999999999	4	16.000000
2749	999999999	4	16.000000
2750	999999999	8	32.000000
2751	999999999	1	2.000000
2752	999999999	4	16.000000
2753	999999999	1	1.000000
2754	999999999	1	0.500000
2755	999999999	2	8.000000
2756	999999999	1	2.000000
2757	999999999	1	0.500000
2758	999999999	8	32.000000
2759	999999999	8	32.000000
2760	999999999	1	0.500000
2761	999999999	8	32.000000
2762	999999999	8	32.000000
2763	999999999	2	8.000000
2764	999999999	2	4.000000
2765	999999999	1	1.000000
2766	999999999	2	8.000000
2767	999999999	1	1.000000
2768	999999999	2	8.000000
2769	999999999	1	2.000000
2770	999999999	2	4.000000
2771	999999999	8	32.000000
2772	999999999	8	32.000000
2773	999999999	4	16.000000
2774	999999999	1	2.000000
2775	999999999	4	16.000000
2776	999999999	1	1.000000
2777	999999999	2	4.000000
2778	999999999	2	8.000000
2779	999999999	8	32.000000
2780	999999999	2	4.000000
2781	999999999	2	4.000000
2782	999999999	2	4.000000
2783	999999999	8	32.000000
2784	999999999	4	16.000000
2785	999999999	2	8.000000
2786	999999999	2	8.000000
2787	999999999	2	4.000000
2788	999999999	2	8.000000
2789	999999999	8	32.000000
2790	999999999	8	32.000000
2791	999999999	1	0.500000
2792	999999999	1	0.500000
2793	999999999	1	0.500000
2794	999999999	2	8.000000
2795	999999999	4	16.000000
2796	999999999	8	32.000000
2797	999999999	1	2.000000
2798	999999999	1	1.000000
2799	999999999	1	2.000000
2800	999999999	4	16.000000
2801	999999999	1	0.500000
2802	999999999	8	32.000000
2803	999999999	2	8.000000
2804	999999999	1	1.000000
2805	999999999	2	4.000000
2806	999999999	2	8.000000
2807	999999999	2	8.000000
2808	999999999	1	1.000000
2809	999999999	2	8.000000
2810	999999999	1	0.500000
2811	999999999	4	16.000000
2812	999999999	1	2.000000
2813	999999999	8	32.000000
2814	999999999	1	0.500000
2815	999999999	1	1.000000
2816	999999999	1	1.000000
2817	999999999	2	4.000000
2818	999999999	1	1.000000
2819	999999999	2	8.000000
2820	999999999	1	0.500000
2821	999999999	1	0.500000
2822	999999999	1	1.000000
2823	999999999	4	16.000000
2824	999999999	8	32.000000
2825	999999999	1	0.500000
2826	999999999	1	1.000000
2827	999999999	1	2.000000
2828	999999999	1	0.500000
2829	999999999	1	2.000000
2830	999999999	1	0.500000
2831	999999999	2	4.000000
2832	999999999	4	16.000000
2833	999999999	1	0.500000
2834	999999999	1	1.000000
2835	999999999	2	8.000000
2836	999999999	1	1.000000
2837	999999999	2	8.000000
2838	999999999	2	4.000000
2839	999999999	1	2.000000
2840	999999999	1	0.500000
2841	999999999	1	0.500000
2842	999999999	1	0.500000
2843	999999999	2	4.000000
2844	999999999	4	16.000000
2845	999999999	2	8.000000
2846	999999999	1	0.500000
2847	999999999	2	8.000000
2848	999999999	4	16.000000
2849	999999999	1	0.500000
2850	999999999	1	1.000000
2851	999999999	4	16.000000
2852	999999999	2	4.000000
2853	999999999	2	4.000000
2854	999999999	1	0.500000
2855	999999999	1	0.500000
2856	999999999	1	0.500000
2857	999999999	4	16.000000
2858	999999999	8	32.000000
2859	999999999	4	16.000000
2860	999999999	1	1.000000
2861	999999999	2	4.000000
2862	999999999	8	32.000000
2863	999999999	1	1.000000
2864	999999999	2	8.000000
2865	999999999	8	32.000000
2866	999999999	1	1.000000
2867	999999999	1	1.000000
2868	999999999	1	0.500000
2869	999999999	1	0.500000
2870	999999999	2	4.000000
2871	999999999	4	16.000000
2872	999999999	1	0.500000
2873	999999999	1	1.000000
2874	999999999	1	0.500000
2875	999999999	1	1.000000
2876	999999999	1	1.000000
2877	999999999	8	32.000000
2878	999999999	1	2.000000
2879	999999999	2	8.000000
2880	999999999	1	2.000000
2881	999999999	2	8.000000
2882	999999999	1	0.500000
2883	999999999	2	8.000000
2884	999999999	2	8.000000
2885	999999999	2	8.000000
2886	999999999	4	16.000000
2887	999999999	8	32.000000
2888	999999999	2	4.000000
2889	999999999	2	8.000000
2890	999999999	1	0.500000
2891	999999999	4	16.000000
2892	999999999	1	2.000000
2893	999999999	1	0.500000
2894	999999999	1	1.000000
2895	999999999	4	16.000000
2896	999999999	1	1.000000
2897	999999999	4	16.000000
2898	999999999	2	8.000000
2899	999999999	2	4.000000
2900	999999999	2	8.000000
2901	999999999	1	2.000000
2902	999999999	1	2.000000
2903	999999999	2	4.000000
2904	999999999	2	4.000000
2905	999999999	1	1.000000
2906	999999999	1	2.000000
2907	999999999	1	1.000000
2908	999999999	2	4.000000
2909	999999999	2	8.000000
2910	999999999	2	8.000000
2911	999999999	1	1.000000
2912	999999999	1	1.000000
2913	999999999	1	2.000000
2914	999999999	8	32.000000
2915	999999999	1	1.000000
2916	999999999	2	8.000000
2917	999999999	1	1.000000
2918	999999999	2	8.000000
2919	999999999	1	1.000000
2920	999999999	2	8.000000
2921	999999999	2	4.000000
2922	999999999	1	2.000000
2923	999999999	4	16.000000
2924	999999999	8	32.000000
2925	999999999	2	4.000000
2926	999999999	8	32.000000
2927	999999999	1	1.000000
