0	999999999	1	2.000000
0	999999999	1	2.000000
0	999999999	1	1.000000
0	999999999	4	16.000000
0	999999999	8	32.000000
0	999999999	1	1.000000
0	999999999	1	1.000000
0	999999999	8	32.000000
0	999999999	4	16.000000
0	999999999	1	0.500000
5	999999999	4	16.000000
5	999999999	2	4.000000
5	999999999	1	0.500000
5	999999999	2	8.000000
5	999999999	8	32.000000
5	999999999	4	16.000000
5	999999999	2	4.000000
5	999999999	8	32.000000
5	999999999	2	8.000000
5	999999999	1	2.000000
5	999999999	2	4.000000