1376314846	2591952	4	6.7108864E7 
1377617279	163513	4	1.3635242666666666E7 
1376314846	845794	2	8267776.0 
1376314846	2591952	4	4063232.0 
1376314846	2591952	1	4069376.0 
1376314846	2591952	2	8241152.0 
1377771791	1135007	1	1902762.6666666667 
1377775391	1131407	1	36948.0 
1376314846	2591952	4	6264832.0 
1376314846	2591952	4	5537792.0 
1376314846	2591952	8	1.6777216E7 
1376314846	2591952	1	1964032.0 
1376314846	2591952	2	305680.0 
1376314846	845794	2	8267776.0 
1376314846	2591952	1	1964032.0 
1376314846	2591952	1	156768.0 
1376314846	2591952	1	168016.0 
1376314846	2591952	1	261132.0 
1376314846	2591952	1	101460.0 
1376314846	2591952	1	59472.0 
1376314846	2591952	1	104528.0 
1376314846	2591952	1	260352.0 
1376314846	2591952	1	126008.0 
1376314846	2591952	1	179304.0 
1376314846	2591952	2	8226816.0 
1376314846	2591952	1	126048.0 
1376314846	2591952	1	183300.0 
1376314846	2591952	1	209988.0 
1376314846	2591952	1	258128.0 
1376314846	2591952	1	261128.0 
1376314846	2591952	1	139292.0 
1376314846	2591952	1	249972.0 
1376314846	2591952	1	140372.0 
1376314846	2591952	1	126044.0 
1376314846	2591952	1	121996.0 
1376314846	845794	2	8267776.0 
1376314846	2591952	1	99680.0 
1376314846	2591952	1	125932.0 
1376314846	2591952	1	115756.0 
1376314846	2591952	1	244820.0 
1376314846	328529	1	107568.0 
1376314846	2591952	1	101472.0 
1376314846	2591952	1	113708.0 
1376314846	2591952	1	121016.0 
1376314846	2591952	1	115808.0 
1376314846	2591952	1	101472.0 
1376314846	845794	2	8267776.0 
1376314846	2591952	1	101480.0 
1376314846	2591952	1	171092.0 
1376314846	2591952	1	140292.0 
1376314846	2591952	1	81436.0 
1376314846	2591952	1	175256.0 
1376314846	2591952	1	162808.0 
1376314846	2591952	1	261056.0 
1376314846	2591952	1	143452.0 
1376314846	2591952	1	107588.0 
1376314846	2591952	1	124000.0 
1378195129	711669	1	3699916.8 
1376314846	2591952	1	261104.0 
1376314846	2591952	1	137308.0 
1377787392	577555	1	91317.86666666667 
1376314846	2591952	1	127004.0 
1376314846	2567950	1	124008.0 
1376314846	2591952	1	101440.0 
1376314846	2591952	1	116828.0 
1376916705	1990093	1	91090.4 
1376314846	2591952	1	181320.0 
1376314846	2591952	1	261124.0 
1376314846	2591952	8	6.5204224E7 
1376314846	2591952	1	130080.0 
1376314846	2591952	1	156764.0 
1376314846	2591952	1	109660.0 
1376314846	2591952	1	261420.0 
1376314846	2591952	1	103528.0 
1376314846	604559	1	193632.0 
1376314846	2591952	1	132136.0 
1376314846	2591952	1	132200.0 
1376314846	2591952	1	189436.0 
1376314846	2591952	1	129052.0 
1376314846	2588052	4	1.671168E7 
1376314846	2591952	1	101408.0 
1376314846	2591952	1	183288.0 
1376314846	2591952	1	105580.0 
1377083532	1823266	1	89524.53333333334 
1378728283	178515	1	88754.13333333333 
1376314846	2591952	1	99428.0 
1376559668	2347130	1	91124.0 
1376314846	2591952	1	114780.0 
1377685084	1221714	1	86877.6 
1376314846	2591952	1	126404.0 
1376314846	2591952	8	1.7007896E7 
1376314846	2591952	1	99508.0 
1376314846	2591952	1	158828.0 
1376314846	2591952	1	99344.0 
1376314846	2591952	1	101424.0 
1376314846	2591952	1	143880.0 
1376314846	2591952	1	115820.0 
1376314846	2591952	1	160872.0 
1376314846	2591952	1	161884.0 
1376314846	2591952	1	138336.0 
1376314846	2591952	1	105472.0 
1376314846	2591952	8	6.6828288E7 
1376314846	2591952	1	125984.0 
1376314846	2591952	1	260100.0 
1376314846	2591952	1	140356.0 
1376314846	2591952	1	119320.0 
1376314846	2591952	1	195932.0 
1376314846	2591952	1	149600.0 
1376314846	2591952	1	123936.0 
1376314846	2591952	1	152656.0 
1376314846	2591952	1	185432.0 
1376314846	2591952	1	111692.0 
1376314846	2591952	1	4194304.0 
1376314846	2591952	8	5.99785E7 
1376314846	2591952	1	95320.0 
1376314846	2591952	1	144492.0 
1376314846	2591952	1	129116.0 
1376314846	2591952	1	171096.0 
1376314846	2591952	1	127116.0 
1376314846	2591952	1	101464.0 
1376314846	2591952	1	132140.0 
1376314846	2591952	1	183344.0 
1376314846	2591952	1	127068.0 
1376314846	2591952	1	113148.0 
1376314846	2591952	8	5111808.0 
1376314846	2591952	1	126036.0 
1376314846	2591952	1	150620.0 
1376314846	2591952	1	108636.0 
1376314846	849994	1	261264.0 
1376314846	2591952	1	193716.0 
1376314846	2591952	1	222280.0 
1376314846	2591952	1	128096.0 
1376314846	2591952	1	199768.0 
1376314846	2591952	1	261084.0 
1376314846	2591952	1	117856.0 
1376314846	2591952	8	6.6834432E7 
1376314846	2591952	1	175200.0 
1376314846	2591952	1	179232.0 
1376314846	2591952	1	173152.0 
1376314846	2591952	1	154728.0 
1376314846	2591952	1	145500.0 
1376314846	2591952	1	197720.0 
1376314846	2567950	1	123940.0 
1376314846	2591952	1	139356.0 
1376314846	2591952	1	93280.0 
1376314846	2591952	1	124928.0 
1376398853	2507945	8	2204501.3333333335 
1376314846	2591952	1	107608.0 
1376314846	2591952	1	179296.0 
1376998024	1908774	1	80732.28571428571 
1376314846	2591952	1	127056.0 
1376314846	2591952	1	151552.0 
1376314846	2591952	1	185436.0 
1376314846	2591952	1	114716.0 
1376314846	2591952	1	166992.0 
1376314846	2591952	1	144488.0 
1376998024	1908774	1	90664.0 
1376314846	2591952	16	7780078.933333334 
1376314846	2591952	1	148516.0 
1376314846	2591952	1	97376.0 
1376314846	2591952	1	117868.0 
1376314846	2591952	1	232532.0 
1376314846	1972393	1	158740.0 
1376314846	2591952	1	261192.0 
1376314846	2591952	1	99460.0 
1376314846	2591952	1	101436.0 
1376314846	2591952	1	141404.0 
1376314846	2591952	1	126092.0 
1376314846	2591952	4	6240256.0 
1376314846	2591952	1	130140.0 
1378390149	516649	1	90936.8 
1376314846	2591952	1	195624.0 
1376314846	2591952	1	191536.0 
1376314846	2591952	1	134164.0 
1376314846	2591952	1	154836.0 
1376314846	2591952	1	144480.0 
1377512271	1394527	1	88694.4 
1376314846	2591952	1	128080.0 
1376314846	2591952	1	102924.0 
1376314846	2591952	4	6213632.0 
1376314846	2591952	1	262144.0 
1376314846	2591952	1	103524.0 
1376314846	2591952	1	159836.0 
1376314846	2591952	1	147548.0 
1377684184	1222614	1	86834.4 
1376314846	2591952	1	105544.0 
1376314846	2591952	1	169056.0 
1376314846	2591952	1	185448.0 
1376314846	2591952	1	185412.0 
1376314846	2591952	1	126088.0 
1376314846	2591952	16	6.6967552E7 
1376314846	2591952	1	261028.0 
1376314846	2591952	1	195608.0 
1376314846	2591952	1	125996.0 
1376314846	2591952	1	123920.0 
1376314846	2591952	1	152628.0 
1376314846	2591952	1	159836.0 
1376314846	2591952	1	105524.0 
1376314846	2591952	1	150920.0 
1376314846	2591952	1	111752.0 
1376314846	2591952	1	145500.0 
1376314846	2591952	32	7694336.0 
1376314846	2591952	1	127068.0 
1376314846	2591952	1	181296.0 
1376314846	2591952	1	104968.0 
1376314846	2591952	1	164948.0 
1376314846	2591952	1	135340.0 
1376314846	2591952	1	140340.0 
1376314846	2591952	1	106672.0 
1376314846	2591952	1	165916.0 
1376314846	2591952	1	152620.0 
1376314846	2591952	1	117856.0 
1376314846	2591952	32	8744960.0 
1376314846	2591952	1	145500.0 
1376314846	2591952	1	179276.0 
1376314846	2591952	1	244820.0 
1376314846	2591952	1	108624.0 
1376314846	2591952	1	262144.0 
1376314846	2591952	1	185444.0 
1376314846	2591952	1	132148.0 
1376314846	2591952	1	127312.0 
1376314846	2591952	1	119932.0 
1376314846	2591952	1	117828.0 
1376314846	2591952	1	4194304.0 
1376314846	2591952	32	1.1042816E7 
1376314846	2591952	1	228532.0 
1376314846	2591952	1	261124.0 
1376314846	2591952	1	261132.0 
1376314846	2591952	1	162852.0 
1376314846	2591952	1	103520.0 
1376314846	2591952	1	121964.0 
1376314846	2591952	1	207968.0 
1376314846	2591952	1	207984.0 
1376314846	2591952	1	130148.0 
1377553674	34803	1	90704.0 
1376314846	2591952	4	1.6703488E7 
1377603778	1303020	1	90620.0 
1377590877	11401	1	91192.0 
1376314846	1275731	1	119840.0 
1376314846	330929	2	4253696.0 
1376314846	1921687	1	262144.0 
1376314846	2591952	1	262144.0 
1376314846	2591952	1	1413120.0 
1376314846	2591952	2	4194304.0 
1376314846	1534651	1	4194304.0 
1376314846	2591952	1	1034240.0 
1376314846	2591952	16	6.6963456E7 
1376314846	2591952	1	4194304.0 
1376314846	2591952	2	8235008.0 
1376314846	2591952	1	4059136.0 
1377700985	1205813	1	540693.3333333334 
1376922706	1984092	1	3664845.777777778 
1376314846	2591952	1	4173824.0 
1376314846	2591952	8	2.5165824E7 
1376314846	2591952	4	8388608.0 
1376314846	2591952	4	1.6777216E7 
1376314846	2591952	4	8388608.0 
1376314846	2591952	4	1.6713728E7 
1376314846	2591952	2	8388608.0 
1376314846	2591952	4	8388608.0 
1376314846	2591952	4	8388608.0 
1376314846	2591952	4	8388608.0 
1377175341	1731457	2	12288.0 
1377789192	574555	1	4149248.0 
1376314846	2591952	1	1048576.0 
1376314846	2591952	1	4146780.0 
1376314846	2591952	4	1.635328E7 
1378824891	81907	4	1.5185773714285715E7 
1376314846	2591952	32	5.36303616E8 
1378824591	82207	4	10240.0 
1378824591	82207	4	0.0 
1378824591	82207	4	0.0 
1378824591	82207	4	0.0 
1378824591	82207	4	0.0 
1378824891	81907	4	1.635298742857143E7 
1378824891	81907	4	1.63524608E7 
1378824891	81907	4	1.5263607466666667E7 
1378824891	81907	4	1.635328E7 
1378824891	81907	4	1.0916522666666666E7 
1376314846	2591952	32	1.28280576E8 
1378824891	81907	4	1.518767542857143E7 
1376314846	2591952	16	1.00431872E8 
1376314846	2591952	8	7282688.0 
1376314846	2591952	32	5.36299776E8 
1376314846	2591952	4	1.6705536E7 
1376314846	2591952	1	2097152.0 
1378287239	619559	32	6246912.0 
1376314846	2591952	16	6.6961408E7 
1376314846	2591952	16	2281472.0 
1376314846	2591952	32	2.6897408E8 
1376314846	2591952	4	1.6705536E7 
1376314846	2591952	32	6.2828544E7 
1376314846	2591952	16	6.6963456E7 
1376314846	2591952	8	5697536.0 
1376314846	2591952	8	5.1861504E7 
1376314846	2591952	8	6.6828288E7 
1377617279	163513	4	1.635328E7 
1376314846	2591952	8	5605376.0 
1376314846	2591952	2	8388608.0 
1376314846	2591952	2	8388608.0 
1376314846	2591952	8	6.6828288E7 
1376314846	2591952	8	3715072.0 
1376314846	2591952	32	5.3630976E8 
1376314846	2591952	4	1.6703488E7 
1376314846	2591952	4	1.6777216E7 
1376314846	2591952	4	1.6777216E7 
1376314846	2591952	2	4194304.0 
1376314846	2591952	1	2097152.0 
1376314846	2065402	2	4194304.0 
1376314846	2591952	2	4061184.0 
1376314846	2065102	2	2097152.0 
1376314846	2591952	2	2095104.0 
1376314846	2591952	2	2095104.0 
1376314846	2591952	1	876544.0 
1376314846	2591952	2	4194304.0 
1376390452	2516346	1	8192.0 
1376314846	2591952	1	1519616.0 
1376314846	2591952	1	1734812.0 
1377617279	163513	4	1.30912256E7 
1376314846	2591952	1	1597440.0 
1378714181	9301	1	1170768.923076923 
1378719282	4200	1	675503.3846153846 
1376314846	2591952	1	4059136.0 
1376314846	2591952	2	3422208.0 
1376314846	2591952	2	6150144.0 
1376314846	2591952	2	7337984.0 
1376314846	2591952	2	8095744.0 
1376314846	694279	2	8388608.0 
1376314846	2591952	1	2097152.0 
1376314846	2591952	1	2097152.0 
1376314846	2591952	1	1316224.0 
1376314846	2591952	1	4194304.0 
1376314846	2591952	1	4194304.0 
1376314846	2591952	2	3145728.0 
1376314846	2498044	2	1028096.0 
1376314846	2591952	1	4055040.0 
1376314846	2591952	1	1941504.0 
1376314846	2591952	1	888832.0 
1376314846	2591952	1	4068736.0 
1376314846	844594	4	1.6338944E7 
1377617279	163513	4	1.491155E7 
1376314846	844594	1	2097152.0 
1376314846	2591952	4	1.6316416E7 
1376314846	2591952	4	1.6345088E7 
1376314846	2191714	8	2.097152E7 
1376314846	2191714	8	2.097152E7 
1376314846	2191714	8	2.097152E7 
1376314846	2191714	8	2.097152E7 
1376314846	2191714	8	2.097152E7 
1376314846	2191714	8	2.097152E7 
1376314846	2191714	8	2.0547584E7 
1377617279	163513	4	1.30895872E7 
1376314846	2191714	8	2.0385792E7 
1376314846	2191714	8	2.077696E7 
1376314846	2191714	8	2.097152E7 
1376314846	2191714	8	2.097152E7 
1376314846	2191714	8	2.092032E7 
1376314846	2191714	8	2.097152E7 
1376314846	2191714	8	2.097152E7 
1376314846	2191714	8	2.092032E7 
1376314846	2191714	8	2.097152E7 
1376314846	2191714	8	2.097152E7 
1377617279	163513	4	1.635328E7 
1378727983	178815	2	7434798.545454546 
1376314846	2191714	8	2.0938752E7 
1376314846	2191714	8	2.097152E7 
1376314846	2191714	8	2.097152E7 
1376314846	2191714	8	2.0861068E7 
1376314846	2191714	8	2.080768E7 
1376314846	2191714	8	2.0948992E7 
1376314846	2191714	8	2.0776988E7 
1376314846	2191714	8	2.097152E7 
1376314846	2191714	8	2.097152E7 
1376647875	2258923	8	2.9331456E7 
1376314846	2591952	2	8388608.0 
1376314846	2192014	8	2.0789248E7 
1376647875	2258923	8	2.8968732444444444E7 
1376314846	2192014	8	2.085888E7 
1376647875	2258923	8	2.793647542857143E7 
1376314846	2192014	8	2.0637696E7 
1376314846	2192014	8	2.097152E7 
1376314846	2192014	8	2.075648E7 
1376314846	2192014	8	2.097152E7 
1376314846	2192014	8	2.040832E7 
1376652076	2254722	8	3.2589824E7 
1376314846	2591952	1	2097152.0 
1376657476	2249322	8	3.2589824E7 
1376657776	2249022	8	3.0103079384615384E7 
1376657776	2249022	8	3.2591018666666668E7 
1376657776	2249022	8	2.98319464E7 
1376657776	2249022	8	3.2590165333333332E7 
1376657776	2249022	8	3.2589824E7 
1376657776	2249022	8	0.0 
1376658076	2248722	8	3.0265490285714287E7 
1376658076	2248722	8	3.259114057142857E7 
1376652076	2254722	8	2.447641E7 
1376314846	2591952	2	8251392.0 
1376658076	2248722	8	1.629696E7 
1376658076	2248722	8	3.2589824E7 
1376658076	2248722	8	0.0 
1376658376	2248422	8	2.9631953454545453E7 
1376658376	2248422	8	2.8467068444444444E7 
1376658376	2248422	8	2.85713052E7 
1376658376	2248422	8	2.93353472E7 
1376658376	2248422	8	3.2589824E7 
1376658376	2248422	8	3.1893620888888888E7 
1376314846	2591952	8	3.2610456E7 
1376314846	2591952	2	2612428.0 
1376314846	2591952	8	4.07552E7 
1376314846	2591952	8	3.2614704E7 
1376314846	2591952	8	4.0802304E7 
1376314846	2591952	8	3.26656E7 
1376314846	2591952	8	4.0757248E7 
1376314846	2591952	8	3.2610384E7 
1376314846	2591952	8	4.0755088E7 
1376314846	2591952	8	3.3302528E7 
1376314846	2591952	8	4.0759E7 
1376314846	2591952	8	3.2751616E7 
1376314846	2591952	2	8265728.0 
1376314846	2591952	8	4.0761344E7 
1376314846	2591952	8	3.2733184E7 
1376314846	2591952	8	4.0756776E7 
1376314846	2591952	8	3.2804488E7 
1376314846	2591952	8	4.0802304E7 
1376314846	2591952	8	3.2892816E7 
1376314846	2591952	8	4.0759296E7 
1376314846	2591952	8	3.2612352E7 
1376314846	2591952	8	4.0762324E7 
1376314846	2591952	8	3.330668E7 
1376314846	2591952	2	2619528.0 
1376314846	2591952	8	3.2608384E7 
1376314846	2591952	8	3.2618496E7 
1376314846	2591952	8	3.2612572E7 
1376314846	2591952	8	3.3554432E7 
1376314846	2591952	8	3.3554432E7 
1376314846	2591952	8	3.3554432E7 
1376314846	2591952	8	3.3554432E7 
1376314846	2591952	8	3.3554432E7 
1376314846	2591952	8	3.3554432E7 
1376314846	2591952	8	3.3554432E7 
1376314846	2591952	2	3450880.0 
1376314846	2591952	8	3.2610304E7 
1376314846	2591952	8	3.2981708E7 
1376314846	2591952	8	3.3554432E7 
1376314846	2591952	8	3.262544E7 
1376314846	2591952	8	3.3359716E7 
1376314846	2591952	8	3.3494804E7 
1376314846	2591952	8	3.3554432E7 
1376314846	2591952	8	3.2753664E7 
1376314846	2591952	8	4.0760752E7 
1376314846	2591952	8	3.3554432E7 
1376314846	2591952	1	2578432.0 
1376314846	2591952	8	4.194304E7 
1376314846	2591952	8	3.3554432E7 
1376314846	2591952	8	4.0763664E7 
1376314846	2591952	8	3.3554432E7 
1376314846	2591952	8	4.0761344E7 
1376314846	2591952	8	3.260416E7 
1376314846	2591952	8	4.07575E7 
1376314846	2591952	8	3.3554432E7 
1376314846	2591952	8	4.0758604E7 
1376314846	2591952	8	3.3554432E7 
1376314846	2591952	1	4059136.0 
1376314846	2591952	8	4.0757052E7 
1376314846	2591952	8	3.3554432E7 
1376314846	2591952	8	4.0759296E7 
1376314846	2591952	8	4.0751104E7 
1376314846	2591952	8	4.0830824E7 
1376314846	2591952	8	3.3421312E7 
1376314846	2591952	2	8267776.0 
1376314846	2591952	1	4071424.0 
1376314846	2591952	1	4069376.0 
1376314846	2591952	2	2148352.0 
1376314846	2591952	2	8388608.0 
1376314846	2591952	1	4071424.0 
1376314846	2591952	2	8224768.0 
1376314846	2591952	2	8257536.0 
1376314846	2591952	2	8267776.0 
1378282739	624059	2	623177.1428571428 
1378282739	624059	2	732928.0 
1376314846	2591952	1	2093056.0 
1376314846	2591952	1	4069376.0 
1376314846	2591952	1	4058100.0 
1378282739	624059	2	736402.2857142857 
1378282739	624059	2	732598.8571428572 
1376314846	2591952	2	8267776.0 
1378282739	624059	2	664429.7142857143 
1376314846	2591952	2	5629952.0 
1377167240	600	2	6876237.333333333 
1377175641	1731157	2	4361597.714285715 
1377106635	59405	2	6144.0 
1376314846	2591952	2	8249344.0 
1377697685	900	2	629760.0 
1376314846	2591952	1	4194304.0 
1377242547	1664251	4	2587738.909090909 
1376314846	2591952	4	1.6644096E7 
1376314846	2591952	2	2611776.0 
1376314846	2591952	1	4194304.0 
1376314846	2591952	2	6281216.0 
1376314846	2591952	2	6283264.0 
1376314846	2591952	2	8388608.0 
1376314846	2591952	2	8388608.0 
1376314846	2591952	2	8388608.0 
1376314846	2591952	4	1.6777216E7 
1376314846	2591952	2	8388608.0 
1376314846	2591952	2	8388608.0 
1376314846	2591952	4	1.6644096E7 
1376314846	2591952	2	8267776.0 
1376314846	2591952	2	8388608.0 
1377173241	1733557	4	1350340.0 
1376314846	2591952	4	1.6777216E7 
1376314846	2591952	1	1005568.0 
1376314846	2591952	1	4194304.0 
1376314846	2591952	2	8388608.0 
1377700985	1205813	2	722199.2727272727 
1376314846	2591952	2	5621760.0 
1376922706	1984092	1	3198966.222222222 
1376314846	2591952	2	8177664.0 
1376314846	2591952	2	2500608.0 
1376314846	2591952	2	8257536.0 
1376314846	2591952	2	8388608.0 
1378195129	711669	2	8177372.0 
1376314846	2591952	4	1.671168E7 
1376314846	2591952	4	1.671168E7 
1376314846	2591952	4	1.5601664E7 
1376314846	2591952	4	1.6703488E7 
1376314846	2591952	4	1.6647424E7 
1376314846	2591952	4	1.6705536E7 
1376314846	2591952	4	1.6707584E7 
1376314846	2591952	1	754148.0 
1376314846	2591952	4	1.6707584E7 
1376314846	2591952	4	1.6715776E7 
1376314846	2591952	4	1.6707584E7 
1376314846	2591952	1	817152.0 
1376314846	2591952	2	8333520.0 
1376314846	331529	1	4194304.0 
1376314846	2591952	1	4194304.0 
1376314846	2591952	6	1.2582912E7 
1376314846	2591952	1	4114432.0 
1376314846	330929	4	8060308.0 
1376314846	2591952	1	702948.0 
1376314846	2591952	2	8388608.0 
1376314846	2484842	2	4194304.0 
1376314846	2591952	2	481280.0 
1376314846	2591952	2	702468.0 
1376314846	845794	1	4069376.0 
1378287539	300	1	0.0 
1376314846	2591952	2	8355840.0 
1376314846	2591952	2	8355840.0 
1376314846	2591952	2	8347648.0 
1376314846	2591952	2	8364032.0 
1376314846	2591952	1	2097152.0 
1376314846	2591952	2	8357888.0 
1376314846	2591952	2	8359936.0 
1376314846	2591952	2	8357888.0 
1376314846	2591952	2	8357888.0 
1376314846	2591952	2	8364032.0 
1376314846	2591952	2	8359936.0 
1376314846	2591952	2	8357888.0 
1376314846	2591952	2	8359936.0 
1376314846	2591952	2	8359936.0 
1376314846	2591952	2	8359936.0 
1376314846	2591952	1	4149248.0 
1376314846	2591952	2	8359936.0 
1376314846	2591952	2	1275904.0 
1376314846	2591952	2	8357888.0 
1376314846	2591952	2	8357888.0 
1376314846	2591952	2	8357888.0 
1376314846	2591952	4	2936832.0 
1376314846	2591952	2	2795520.0 
1376314846	2591952	4	1.6703488E7 
1376314846	2591952	4	1.6728344E7 
1376314846	2591952	1	493568.0 
1376314846	2591952	1	4194304.0 
1376314846	2591952	1	194560.0 
1376314846	2591952	4	1.6717984E7 
1376314846	2591952	4	1.6703488E7 
1376314846	2591952	4	1.6703488E7 
1376314846	2591952	4	1.6703488E7 
1376314846	2591952	4	1.6703488E7 
1376314846	2591952	4	1.6703488E7 
1376314846	2591952	4	1.6703488E7 
1376314846	2591952	4	1.6703488E7 
1376314846	2591952	4	1531904.0 
1377617279	163513	4	1.35814544E7 
1376314846	2591952	1	4059136.0 
1376314846	2591952	4	1558528.0 
1376314846	2591952	4	1.6703488E7 
1376314846	2591952	4	1.6703488E7 
1376314846	2591952	4	1.6703488E7 
1376314846	2591952	4	1.6703488E7 
1376314846	2591952	4	1.6703488E7 
1376314846	2591952	4	1.6703488E7 
1376314846	2591952	4	1.6703488E7 
1376314846	2591952	4	1.6703488E7 
1376314846	2591952	4	1.6703488E7 
1376314846	929501	1	1300480.0 
1376314846	2591952	4	1.6703488E7 
1376314846	2591952	4	1.6703488E7 
1376314846	2591952	4	8505344.0 
1376314846	2591952	4	8348540.0 
1376314846	2591952	4	1.1517952E7 
1376314846	2591952	4	1.670144E7 
1376314846	2591952	4	1.6702976E7 
1376314846	2591952	4	1.6703488E7 
1376314846	2591952	4	1.6705536E7 
1376314846	2591952	4	1.6703488E7 
1376314846	2591952	1	4059136.0 
1376314846	2591952	4	1.3393688E7 
1376314846	2591952	4	1.32112E7 
1376314846	2591952	4	1.6703488E7 
1376314846	2591952	4	1976320.0 
1376314846	2591952	4	1966080.0 
1376314846	2591952	4	1884160.0 
1376314846	2591952	4	1916928.0 
1376314846	2591952	4	1939456.0 
1376314846	2591952	4	1871872.0 
1376314846	2591952	4	1875968.0 
1376314846	2591952	2	2097152.0 
1376314846	2591952	4	1927168.0 
1376314846	2591952	4	1964032.0 
1376314846	2591952	4	2105344.0 
1376314846	2591952	4	2160640.0 
1376314846	2591952	4	2224128.0 
1376314846	2591952	4	2222080.0 
1376314846	2591952	4	2185216.0 
1376314846	2591952	4	2076672.0 
1376314846	2591952	4	3330048.0 
1376314846	2591952	4	3297280.0 
1376314846	2591952	2	2097152.0 
1376314846	2591952	4	3305472.0 
1376314846	2591952	4	3289088.0 
1376314846	2591952	4	3325952.0 
1376314846	2591952	4	3305472.0 
1376314846	2591952	4	3321856.0 
1376314846	2591952	4	3293184.0 
1376314846	2591952	4	3305472.0 
1376314846	2591952	4	3338240.0 
1376314846	2591952	4	3313664.0 
1376314846	2591952	4	3297280.0 
1376314846	2591952	2	3145728.0 
1376314846	2591952	4	3301376.0 
1376314846	2591952	4	1.6703488E7 
1376314846	2591952	4	1.6703488E7 
1376314846	2591952	4	1.6715776E7 
1376314846	2591952	4	1.6703488E7 
1376314846	2591952	4	1.6703488E7 
1376314846	2591952	4	1.6703488E7 
1376314846	2591952	4	1.6703488E7 
1376314846	2591952	4	1.6719872E7 
1376314846	2591952	4	1.6703488E7 
1376314846	2591952	1	2097152.0 
1376314846	2591952	4	1.671168E7 
1376314846	2591952	4	1.6715776E7 
1376314846	2591952	4	1.6703488E7 
1376314846	2591952	4	3002368.0 
1376314846	2591952	4	3018752.0 
1376314846	2591952	4	3010560.0 
1376314846	2591952	4	3006464.0 
1376314846	2591952	4	2990080.0 
1376314846	2591952	4	3026944.0 
1376314846	2591952	4	2990080.0 
1376314846	2591952	1	2095104.0 
1376314846	2591952	4	3014656.0 
1376314846	2591952	4	2994176.0 
1376314846	2591952	4	3004416.0 
1376314846	2591952	4	3004416.0 
1376314846	2591952	4	2992128.0 
1376314846	2591952	4	2994176.0 
1376314846	2591952	4	2998272.0 
1376314846	2591952	4	3010560.0 
1376314846	2591952	4	3024896.0 
1376314846	2591952	4	3018752.0 
1376314846	2417037	1	1423360.0 
1376314846	2591952	4	3006464.0 
1376314846	2591952	4	2988032.0 
1376314846	2591952	4	2998272.0 
1376314846	2591952	4	2996224.0 
1376314846	2591952	4	2981888.0 
1376314846	2591952	4	2998272.0 
1376314846	2591952	4	3002368.0 
1376314846	2591952	4	2998272.0 
1376314846	2591952	4	2973696.0 
1376314846	2591952	4	2989720.0 
1376314846	2418237	1	1251328.0 
1376314846	2591952	4	3010560.0 
1376314846	2591952	4	3006464.0 
1376314846	2591952	4	2985984.0 
1376314846	2591952	4	2986776.0 
1376314846	2591952	4	3022848.0 
1376314846	2591952	4	2990080.0 
1376314846	2591952	4	2983936.0 
1376314846	2591952	4	2998272.0 
1376314846	2591952	4	2994176.0 
1376314846	2591952	4	2988032.0 
1377617279	163513	4	1.635328E7 
1376314846	2591952	1	2095104.0 
1376314846	2591952	4	3021824.0 
1376314846	2591952	4	3018752.0 
1376314846	2591952	4	2994176.0 
1376314846	2591952	4	3007232.0 
1376314846	2591952	4	2994176.0 
1376314846	2591952	4	3008512.0 
1376314846	2591952	4	2998272.0 
1376314846	2591952	4	2985984.0 
1376314846	2591952	4	3014912.0 
1376314846	2591952	4	2979840.0 
1376314846	2591952	2	2095104.0 
1376314846	2591952	4	3024896.0 
1376314846	2591952	4	2992128.0 
1376314846	2591952	4	2990080.0 
1376314846	2591952	4	2988032.0 
1376314846	2591952	4	3010560.0 
1376314846	2591952	4	3022848.0 
1376314846	2591952	4	3024896.0 
1376314846	2591952	4	2994176.0 
1376314846	2591952	4	2996224.0 
1376314846	2591952	4	3014656.0 
1376314846	2417637	1	1363968.0 
1376314846	2591952	4	2979840.0 
1376314846	2591952	4	2998272.0 
1376314846	2591952	4	3012608.0 
1376314846	2591952	4	3008512.0 
1376314846	2591952	4	3002368.0 
1376314846	2591952	4	2990080.0 
1376314846	2591952	4	3000320.0 
1376314846	2591952	4	1.671584E7 
1376314846	2591952	4	2705408.0 
1376314846	2591952	4	2621440.0 
1377700385	1206413	1	2041277.0909090908 
1376314846	2591952	4	2621440.0 
1376314846	2591952	4	5935104.0 
1376314846	2591952	4	5758976.0 
1376314846	2591952	2	4059136.0 
1376314846	2591952	2	8388608.0 
1376314846	2591952	2	8177664.0 
1378725582	92408	1	4096.0 
1376314846	2069903	2	2097152.0 
1376314846	2591952	2	8255488.0 
1376314846	2591952	2	8388608.0 
1376314846	2591952	1	2097152.0 
1376314846	2591952	2	8388608.0 
1376314846	2591952	4	1.6777216E7 
1376314846	844594	2	8204288.0 
1376314846	331229	1	4194304.0 
1376314846	2591952	1	1140736.0 
1376314846	2591952	1	4058772.0 
1376314846	2591952	1	4177920.0 
1376314846	2591952	1	4059136.0 
1376314846	2591952	1	1300036.0 
1376314846	2591952	1	1300480.0 
1376314846	2591952	1	2097152.0 
1376314846	2591952	1	1300480.0 
1376314846	2591952	2	5830656.0 
1378823091	83707	1	262920.85714285716 
1378712081	194717	2	1024573.3333333334 
1376314846	2591952	1	4194304.0 
1376314846	2591952	1	733184.0 
1376314846	2591952	2	4194304.0 
1377789192	574555	1	412512.0 
1376314846	2591952	1	666124.0 
1376314846	2591952	1	770048.0 
1376314846	2591952	1	2097152.0 
1376314846	2591952	1	1046528.0 
1376314846	782487	4	3784157.8666666667 
1376314846	2591952	2	8388608.0 
1376314846	2591952	1	3455864.0 
1376314846	2591952	1	4055040.0 
1376314846	2591952	1	4055040.0 
1376314846	2591952	1	4055040.0 
1376314846	2591952	1	4055040.0 
1376314846	2591952	1	4057088.0 
1376314846	2591952	1	4055040.0 
1376314846	2591952	1	2097152.0 
1376314846	2591952	1	4055040.0 
1376314846	2591952	1	4055040.0 
1376314846	2591952	1	4055040.0 
1376314846	2591952	1	4055040.0 
1376314846	2591952	1	4194304.0 
1376314846	2591952	1	1964032.0 
1377690484	3300	1	303954.46153846156 
1376314846	2591952	1	939328.0 
1376314846	2591952	1	2092352.0 
1376314846	2591952	4	8998912.0 
1376314846	2591952	1	2097152.0 
1376314846	2591952	2	3598336.0 
1376314846	2591952	1	2095104.0 
1376314846	2591952	1	4059136.0 
1376314846	2591952	1	4059136.0 
1376314846	2591952	1	2439168.0 
1376314846	2591952	1	2441216.0 
1376314846	2591952	1	1964032.0 
1376314846	2591952	1	4006434.1333333333 
1376314846	2591952	1	3196928.0 
1376314846	2591952	1	4061184.0 
1377690484	7201	1	2097152.0 
1376314846	2591952	1	2039528.0 
1376314846	2591952	2	335104.0 
1376314846	2591952	16	4294656.0 
1376314846	2591952	8	3.3411072E7 
1376314846	2591952	16	6.6961408E7 
1376314846	2591952	1	8388608.0 
1376314846	2591952	4	1.6777216E7 
1376314846	2591952	4	1.6777216E7 
1376314846	2591952	4	1.6777216E7 
1376314846	2591952	4	1.6777216E7 
1377617279	163513	4	4096.0 
1376314846	2591952	1	2097152.0 
1376314846	2591952	1	3693921.6 
1376314846	2591952	1	4069376.0 
1376314846	2591952	1	2439168.0 
1376314846	2591952	1	2435072.0 
1376314846	2591952	2	7487488.0 
1376314846	2591952	2	601364.0 
1376314846	2591952	1	2072576.0 
1376314846	2591952	1	4058292.0 
1376314846	1293732	4	1.6349184E7 
1376314846	2591952	4	1.6347136E7 
1376314846	330929	1	2097152.0 
1376314846	2591952	4	1.6347136E7 
1376314846	2591952	4	1.6347136E7 
1376314846	2591952	4	1.635126E7 
1376314846	2591952	4	1.6347524E7 
1376314846	1293732	4	1.634304E7 
1376314846	1293732	4	1.6345088E7 
1376314846	1293732	4	1.6342E7 
1376314846	2591952	4	1.6340992E7 
1376314846	2591952	4	1.634436E7 
1376314846	2591952	4	1.6347136E7 
1376314846	2591952	1	2097152.0 
1376314846	2591952	4	1.6334848E7 
1376314846	2591952	4	1.6338944E7 
1376314846	2591952	4	1.634304E7 
1376314846	1279031	4	1.6344336E7 
1376314846	1279031	4	1.634304E7 
1376314846	1279031	4	1.6341264E7 
1376314846	1279031	4	1.6347136E7 
1376314846	1279031	4	1.6347136E7 
1376314846	1279031	4	1.6340992E7 
1376314846	1279031	4	1.6336264E7 
1376314846	2591952	1	2097152.0 
1376314846	1279031	4	1.6338944E7 
1376314846	1279031	4	1.6336896E7 
1376314846	1279031	4	1.6345088E7 
1376314846	1279031	4	1.634304E7 
1376314846	1279031	4	1.634304E7 
1376314846	1279031	4	1.6347136E7 
1376314846	1279031	4	1.6347136E7 
1376314846	1279031	4	1.6349184E7 
1376314846	1279031	4	1.6345088E7 
1376314846	1279031	4	1.6349184E7 
1376314846	2591952	1	2097152.0 
1376314846	1279031	4	1.6349184E7 
1376314846	1279031	4	1.6340992E7 
1376314846	1279031	4	1.6338944E7 
1376314846	1279031	4	1.6338944E7 
1376314846	1279031	4	1.6330752E7 
1376314846	1279031	4	1.63328E7 
1376314846	1279031	4	1.633344E7 
1376314846	1279031	4	1.6338944E7 
1376314846	1279031	4	1.63328E7 
1376314846	1279031	4	1.63328E7 
1376314846	2591952	1	2097152.0 
1376314846	1279031	4	1.6349184E7 
1376314846	1279031	4	1.6347136E7 
1376314846	1279031	4	1.6330752E7 
1376314846	1279031	4	1.6345088E7 
1376314846	1279031	4	1.6349184E7 
1376314846	1279031	4	1.6348544E7 
1376314846	2591952	2	8257536.0 
1376314846	2591952	2	5765120.0 
1376314846	2591952	2	2839552.0 
1376314846	2591952	2	4089856.0 
1376314846	2591952	1	2097152.0 
1376314846	2591952	2	3903488.0 
1376314846	2591952	2	8357888.0 
1376314846	2591952	2	4253696.0 
1376314846	2591952	2	8351744.0 
1376314846	2591952	2	3745792.0 
1376314846	2591952	2	3719168.0 
1376314846	2591952	2	4265984.0 
1376314846	330929	1	2736128.0 
1378382348	524450	1	0.0 
1376314846	2591952	1	116736.0 
1376314846	2591952	1	4194304.0 
1376314846	844594	1	2434432.0 
1376314846	844894	1	282624.0 
1377176541	929179	1	1021192.7272727273 
1377255448	249322	1	407904.0 
1377173241	2100	1	309904.0 
1376314846	2591952	2	8257536.0 
1376314846	2591952	2	8267776.0 
1376314846	2591952	2	8257536.0 
1376314846	2591952	2	8267776.0 
1376314846	2591952	1	4069376.0 
1376314846	845794	1	2097152.0 
1376314846	2591952	2	5509120.0 
1376314846	2591952	2	8267776.0 
1376314846	2591952	2	3184640.0 
1376314846	2591952	1	727524.0 
1376314846	2591952	1	741376.0 
1376314846	2591952	1	3117056.0 
1376314846	2591952	1	4058416.0 
1376314846	928002	1	4059136.0 
1376314846	2591952	1	4058616.0 
1376314846	2591952	2	6893568.0 
1376314846	2591952	1	4194304.0 
1376314846	2591952	2	5967872.0 
1376417455	2489343	2	1037235.2727272727 
1376314846	2591952	2	8267776.0 
1376314846	2591952	2	8263680.0 
1376314846	760886	1	4177920.0 
1376314846	761486	2	5021696.0 
1376416555	659477	2	249856.0 
1376314846	2591952	1	2451456.0 
1376314846	2591952	1	2443704.0 
1376416855	2489943	2	1337738.2857142857 
1377617279	163513	4	1.3631146666666666E7 
1376314846	2591952	1	2097152.0 
1376416855	3600	2	352512.0 
1376421355	2485443	2	2733621.1428571427 
1376416855	2489943	2	1258574.7692307692 
1376314846	2591952	1	1589248.0 
1376314846	2591952	1	1673216.0 
1376417155	2489643	1	671020.0 
1376314846	2591952	8	3.3554432E7 
1376314846	2591952	1	4194304.0 
1376314846	2591952	4	1.6777216E7 
1376314846	2591952	4	1.6777216E7 
1376314846	2591952	1	2097152.0 
1376314846	2591952	4	1.6777216E7 
1376314846	2591952	4	1.6777216E7 
1376314846	2591952	4	1.6777216E7 
1376314846	2591952	4	1.6777216E7 
1376314846	2591952	4	1.6777216E7 
1376314846	2591952	4	1.6777216E7 
1376314846	2591952	4	1.6777216E7 
1376314846	2591952	4	3.2645192E7 
1376314846	2591952	2	1.6777216E7 
1376314846	2591952	2	8218624.0 
1376314846	844594	1	2097152.0 
1376314846	2591952	8	3.3419264E7 
1376314846	2591952	2	8388608.0 
1376314846	2591952	2	8239104.0 
1376314846	2591952	2	8388608.0 
1376314846	2591952	1	8177664.0 
1376314846	2591952	1	4194304.0 
1376314846	2591952	1	4194304.0 
1376314846	2591952	2	8177664.0 
1376314846	2591952	1	4061184.0 
1376314846	2591952	1	1300480.0 
1376314846	331529	1	2097152.0 
1376314846	2591952	1	1304576.0 
1376314846	845794	1	4069376.0 
1376314846	2591952	1	4186112.0 
1376314846	2591952	1	3969024.0 
1376314846	2591952	2	8388608.0 
1376314846	2591952	1	4194304.0 
1376314846	2591952	1	4194304.0 
1376314846	2591952	1	4194304.0 
1376314846	2591952	1	4194304.0 
1376314846	2591952	8	3.2759808E7 
1376314846	2591952	1	2097152.0 
1376314846	2591952	32	1.304576E8 
1376314846	2591952	1	4194304.0 
1376314846	2591952	8	3.3554432E7 
1376314846	2591952	32	1.3041664E8 
1376314846	2591952	1	4194304.0 
1376314846	2591952	8	3.2677888E7 
1376314846	2591952	32	6.5282048E7 
1376314846	2591952	8	3.3048576E7 
1376314846	2591952	32	1.34217728E8 
1376314846	2591952	1	4194304.0 
1376314846	2591952	1	2097152.0 
1376314846	2591952	8	3.3394652E7 
1376314846	2591952	32	1.30368512E8 
1377340956	1565842	1	761099.7333333333 
1377337955	1801	1	720753.8666666667 
1376314846	2591952	1	4194304.0 
1376314846	2591952	1	2074624.0 
1377690484	3000	1	2097152.0 
1376314846	2591952	1	2097152.0 
1376314846	2591952	1	4194304.0 
1376314846	2591952	1	4194304.0 
1376314846	2591952	1	2097152.0 
1376314846	2591952	1	4194304.0 
1376314846	2591952	1	4194304.0 
1376314846	2591952	1	4194304.0 
1376314846	2591952	4	1.6715776E7 
1376314846	2591952	1	4149248.0 
1376314846	2591952	2	4194304.0 
1376314846	2591952	4	8388608.0 
1376314846	2591952	1	4194304.0 
1376314846	2591952	2	8206336.0 
1376314846	2591952	1	2281472.0 
1376314846	2591952	1	2097152.0 
1376314846	2591952	1	647168.0 
1377871098	1035700	1	323584.0 
1376314846	2591952	2	8349952.0 
1376314846	2591952	2	2097152.0 
1376314846	2591952	2	8257536.0 
1376314846	2591952	2	8265728.0 
1376314846	2591952	2	8265728.0 
1376314846	2591952	2	8267776.0 
1376314846	2591952	2	5697536.0 
1376314846	2591952	2	8351744.0 
1376314846	2591952	1	2097152.0 
1376314846	2591952	2	6559216.0 
1378295640	611158	1	841056.0 
1376314846	2591952	2	8267776.0 
1376314846	2591952	2	8257052.0 
1378377248	529550	2	1004202.6666666666 
1378377248	529550	2	1003520.0 
1378451655	455143	2	1315429.142857143 
1378451655	455143	2	1372706.1333333333 
1378451655	455143	2	1434294.4 
1376314846	2591952	2	4734976.0 
1376921506	1985292	1	2074624.0 
1376314846	854794	1	1487524.0 
1376314846	2591952	4	1.0111931733333332E7 
1376314846	2591952	4	1.3021184E7 
1376314846	2591952	4	1.0998128E7 
1376314846	2591952	8	4.194304E7 
1376314846	2591952	2	2097152.0 
1376314846	2591952	1	4194304.0 
1376314846	2591952	1	1046528.0 
1376314846	2591952	1	1046528.0 
1376314846	2591952	2	2097152.0 
1377617279	163513	4	1.2272128E7 
1376314846	2591952	1	2097152.0 
1376314846	2591952	1	2097152.0 
1376314846	2591952	4	2097152.0 
1376314846	2591952	1	3190237.8666666667 
1376314846	2591952	1	4194304.0 
1378195129	711669	2	7273358.222222222 
1376314846	2591952	1	4194304.0 
1378736683	170115	2	8177664.0 
1376314846	331529	4	1.6777216E7 
1376314846	2591952	1	4194304.0 
1376314846	845794	1	4194304.0 
1376314846	2591952	1	2097152.0 
1376314846	844594	2	8388608.0 
1378736683	170115	2	6413872.0 
1376314846	2591952	4	1.6777216E7 
1376314846	2591952	1	4194304.0 
1376314846	2591952	4	1.6777216E7 
1376314846	2591952	4	1.6777216E7 
1376314846	2591952	4	1.6777216E7 
1376314846	2591952	4	1.6777216E7 
1376314846	2591952	4	1.6412672E7 
1376314846	2591952	4	1.6543744E7 
1376314846	844594	1	2097152.0 
1376314846	2591952	4	1.6777216E7 
1376314846	2591952	4	1.6777216E7 
1376314846	2591952	4	1.6777216E7 
1376314846	2591952	4	1.6777216E7 
1376314846	2591952	2	8388608.0 
1376314846	2591952	4	1.6777216E7 
1376314846	2591952	4	3.3554432E7 
1376314846	2591952	4	1.6777216E7 
1376314846	2591952	4	1.6777216E7 
1376314846	2591952	4	1.6375808E7 
1377787392	577555	1	1890921.6 
1376314846	2591952	1	4194304.0 
1376314846	2591952	1	4194304.0 
1376314846	2591952	2	8388608.0 
1376314846	2591952	4	1.6777216E7 
1376314846	2591952	4	1.6777216E7 
1376314846	2591952	1	4194304.0 
1376314846	2591952	1	4194304.0 
1376314846	2591952	1	704512.0 
1376314846	2591952	4	1.1501568E7 
1376314846	2591952	1	2926592.0 
1376314846	2591952	1	2097152.0 
1376314846	2591952	2	2095104.0 
1376314846	2591952	2	2095104.0 
1376314846	330929	2	8382464.0 
1376314846	2591952	2	1851392.0 
1376314846	330929	1	2619392.0 
1376314846	2591952	1	4194304.0 
1376314846	2591952	2	4194304.0 
1376314846	2591952	1	819200.0 
1376314846	2591952	1	4061184.0 
1376314846	2591952	1	3164160.0 
1376314846	2591952	1	2097152.0 
1376314846	2591952	2	4194304.0 
1376314846	2591952	2	4194304.0 
1376314846	2591952	1	1048576.0 
1376314846	2591952	1	1048576.0 
1376314846	2591952	2	4194304.0 
1376314846	2591952	2	4194304.0 
1376314846	2591952	1	1048576.0 
1376314846	2591952	1	2097152.0 
1376314846	2591952	2	8388608.0 
1376314846	2591952	1	1048576.0 
1376314846	2591952	1	2097152.0 
1376314846	2591952	2	4194304.0 
1376314846	2591952	1	1048576.0 
1376314846	2591952	1	1044480.0 
1376314846	2591952	1	2093056.0 
1376314846	2591952	2	1.2529664E7 
1376314846	2591952	2	8374272.0 
1376314846	2591952	1	993280.0 
1376314846	2591952	4	1.6736256E7 
1376314846	2591952	1	2092888.0 
1376314846	2591952	4	1.6754688E7 
1378725882	156314	1	1559040.0 
1376314846	2591952	1	2095104.0 
1376314846	2591952	4	1.6703488E7 
1376314846	2591952	1	4194304.0 
1376314846	2591952	2	8347648.0 
1376314846	2591952	1	2097152.0 
1376314846	2591952	2	8353792.0 
1376314846	2591952	2	8353088.0 
1376314846	2591952	2	6201344.0 
1376314846	2591952	1	4194304.0 
1376314846	2591952	2	8353792.0 
1376314846	2591952	1	2097152.0 
1376314846	2591952	2	8349696.0 
1376314846	2591952	2	8353792.0 
1376314846	2591952	2	8353792.0 
1376314846	2591952	2	8226816.0 
1376314846	2591952	2	8355840.0 
1376314846	2591952	2	8353792.0 
1376314846	2591952	1	2097152.0 
1376314846	2591952	1	4194304.0 
1376314846	2591952	1	3848192.0 
1376314846	2591952	1	2097152.0 
1376314846	2591952	1	2097152.0 
1376314846	2591952	4	2.0936704E7 
1376314846	2591952	1	1.5527836E7 
1376314846	2591952	4	2.0910976E7 
1376314846	2591952	1	1.3303808E7 
1376314846	2591952	4	2.0895744E7 
1376314846	2591952	1	2097152.0 
1376314846	2591952	1	2095104.0 
1376314846	2591952	2	8388608.0 
1376314846	2591952	1	4194304.0 
1376314846	2591952	2	8282996.0 
1377617279	163513	4	1.635328E7 
1376314846	2591952	1	2097152.0 
1376314846	2591952	1	4194304.0 
1376314846	2591952	1	4194304.0 
1376314846	2591952	1	1048576.0 
1376314846	2591952	2	7340032.0 
1376314846	2591952	1	1042432.0 
1376314846	2591952	2	4061184.0 
1376314846	2591952	1	215044.0 
1376314846	2591952	1	196612.0 
1376314846	2591952	1	507904.0 
1376314846	2591952	1	524288.0 
1376314846	2591952	1	2097152.0 
1376314846	2591952	1	364548.0 
1376314846	2591952	1	524288.0 
1376314846	2591952	1	350212.0 
1376314846	2591952	1	524288.0 
1376314846	2591952	1	262144.0 
1376314846	2591952	1	262144.0 
1376314846	2591952	1	321540.0 
1376314846	2591952	1	325944.0 
1376314846	2591952	1	524288.0 
1376314846	2591952	1	524288.0 
1376314846	2591952	1	2097152.0 
1376314846	2591952	1	522244.0 
1376314846	2591952	1	307200.0 
1376314846	2591952	1	522240.0 
1376314846	2591952	1	262144.0 
1376314846	2591952	1	262144.0 
1376314846	2591952	1	262144.0 
1376314846	2591952	1	262144.0 
1376314846	2591952	1	262144.0 
1376314846	2591952	1	262144.0 
1376314846	2591952	1	262144.0 
1376314846	2591952	1	3438592.0 
1376314846	2591952	1	262144.0 
1376314846	2591952	1	262144.0 
1376314846	2591952	1	262144.0 
1376314846	2591952	1	262144.0 
1376314846	2591952	1	262144.0 
1376314846	2591952	1	262144.0 
1378384149	522649	1	162753.33333333334 
1378384149	522649	1	140698.2857142857 
1377771791	1135007	1	148443.42857142858 
1376314846	2591952	4	2.4502272E7 
1376314846	844594	1	2078720.0 
1376314846	2591952	4	1.6777216E7 
1376314846	2591952	4	8388608.0 
1376314846	2591952	4	1.6777216E7 
1376314846	2591952	6	2.5165824E7 
1376314846	2591952	2	8388608.0 
1376314846	2591952	2	4194304.0 
1376314846	2591952	4	1.6422912E7 
1376314846	2591952	2	4124672.0 
1376314846	79207	1	524288.0 
1376314846	2591952	4	1.6777216E7 
1376314846	2591952	1	4194304.0 
1376314846	2591952	2	243712.0 
1376314846	2591952	2	1.650688E7 
1376314846	2591952	2	1.6386048E7 
1376314846	2591952	2	8388608.0 
1376314846	2591952	2	4194304.0 
1376314846	2591952	1	4068736.0 
1376314846	2591952	1	4194304.0 
1376314846	2591952	4	8388608.0 
1376314846	2591952	4	8388608.0 
1376314846	2591952	1	2441216.0 
1377700985	1205813	2	708096.0 
1376314846	2591952	1	2375680.0 
1376314846	2591952	1	2371584.0 
1376314846	2591952	1	2373632.0 
1376314846	2591952	1	2371584.0 
1376314846	2591952	1	819224.0 
1376314846	2591952	1	4177920.0 
1376314846	2591952	4	4177920.0 
1376314846	2591952	4	4177920.0 
1377771491	1135307	4	1181317.8666666667 
1376314846	2591952	1	2097152.0 
1376314846	331529	1	4194304.0 
1376314846	2591952	1	3143680.0 
1376314846	2591952	8	3129344.0 
1376314846	2591952	8	3139584.0 
1376314846	2591952	1	522284.0 
1376314846	2591952	1	2097152.0 
1376314846	2591952	4	8292352.0 
1376314846	2591952	2	3141632.0 
1376314846	2591952	2	3139584.0 
1376314846	2591952	1	524288.0 
1376314846	2591952	2	2097152.0 
1376314846	2591952	2	8179712.0 
1376314846	2591952	4	3141632.0 
1376314846	2591952	4	3141632.0 
1376314846	2591952	4	3141632.0 
1376314846	2591952	2	1.6777216E7 
1376314846	2591952	2	1.048576E7 
1376314846	2591952	2	2093056.0 
1376314846	2591952	2	2093056.0 
1376314846	2591952	2	4194304.0 
1376314846	2591952	2	4194304.0 
1376314846	2591952	2	4194304.0 
1376314846	2591952	1	2097152.0 
1376314846	2591952	4	3139584.0 
1376314846	2591952	2	8388608.0 
1376314846	2591952	2	4194304.0 
1376314846	2591952	2	4194304.0 
1376314846	2591952	4	4063232.0 
1376314846	2591952	2	2488320.0 
1376314846	2591952	4	6160384.0 
1376314846	2591952	8	1.6644096E7 
1376314846	2591952	2	374880.0 
1376314846	2591952	4	522248.0 
